2.0
2.16
2.17
2.20
2.21
2.22
2.23
2.56
2.57
2.58
2.59
5.10
5.11
5.23
5.39
5.42
5.44
5.45
5.48
5.56
5.57
5.59
5.63
5.83
5.100
5.102
5.104
5.132
5.133
5.134
5.135
5.144
5.149
5.150
5.157
5.158
5.179
5.180
5.181
5.182
5.183
5.188
5.189
5.196
5.198
5.226
5.230
5.231
5.249
5.252
5.253
8.33
8.40
8.41
9.8
9.9
11.22
13.104
13.106
13.107
15.188
15.203
15.236
17.66
17.67
17.68
17.70
17.71
17.72
17.77
17.79
17.253
20.38
20.39
20.40
20.43
20.150
20.188
20.190
21.22
23.50
23.56
23.103
23.200
23.232
23.247
23.251
25.24
31.3
31.6
31.7
31.14
31.15
31.24
31.29
31.32
31.44
31.169
31.170
31.172
31.186
31.187
31.193
31.204
31.207
31.210
31.216
31.217
31.220
31.222
31.223
32.42
32.58
32.106
34.98
34.103
35.180
37.0
37.1
37.8
37.9
37.18
37.25
37.26
37.32
37.35
37.44
37.49
37.58
37.59
37.60
37.61
37.64
37.72
37.77
37.97
37.110
37.114
37.120
37.122
37.123
37.140
37.143
37.148
37.156
37.157
37.164
37.168
37.169
37.170
37.172
37.187
37.188
37.200
37.203
37.205
37.208
37.220
37.221
37.230
37.235
37.247
37.252
40.66
40.79
40.80
40.82
40.89
40.90
40.92
40.93
40.94
40.95
40.101
40.107
40.108
40.126
44.190
45.8
45.9
45.10
45.11
45.12
45.13
45.14
45.15
45.32
45.33
45.45
45.63
45.65
45.66
45.67
45.76
45.77
45.80
45.81
45.82
45.83
45.84
45.85
45.86
45.87
45.88
45.89
45.90
45.91
45.92
45.93
45.94
45.95
45.128
45.129
45.130
45.132
45.133
45.134
45.135
45.136
45.137
45.138
45.139
45.141
45.142
45.143
45.144
45.145
45.146
45.147
45.148
45.149
45.150
45.151
45.152
45.153
45.154
45.155
45.156
45.157
45.158
45.159
46.16
46.17
46.18
46.19
46.20
46.21
46.22
46.23
46.28
46.29
46.30
46.31
46.33
46.34
46.35
46.102
46.105
46.162
46.165
46.182
46.183
46.192
46.193
46.218
46.226
46.227
46.231
46.235
46.243
46.244
46.245
46.247
46.248
46.252
46.254
46.255
50.7
50.225
51.15
51.38
51.52
51.68
51.75
51.77
51.80
51.83
51.89
51.91
51.103
51.105
51.158
51.159
51.178
51.195
51.210
51.222
51.254
51.255
52.46
52.47
52.94
52.95
52.97
52.101
52.108
52.109
52.111
52.114
52.136
52.143
52.144
52.239
52.245
54.36
54.37
54.38
54.239
57.64
57.66
57.67
57.71
57.73
57.75
57.83
57.84
57.85
57.87
57.88
57.89
57.90
57.91
57.92
57.93
57.95
57.96
57.97
57.98
57.99
57.100
57.101
57.102
57.104
57.112
57.188
57.192
57.208
57.212
57.213
57.214
57.216
57.217
57.218
57.220
57.221
57.222
59.152
61.28
61.87
62.4
62.8
62.17
62.23
62.34
62.39
62.41
62.62
62.64
62.67
62.73
62.75
62.85
62.93
62.96
62.100
62.102
62.106
62.115
62.119
62.122
62.129
62.138
62.147
62.160
62.182
62.184
62.185
62.186
62.187
62.192
62.193
62.200
62.201
62.210
62.212
62.213
62.217
62.221
62.233
62.240
62.241
62.244
63.218
63.230
64.62
64.86
64.208
64.211
64.213
64.236
65.39
65.168
65.229
66.78
66.96
66.102
66.249
67.98
67.207
67.227
74.80
74.116
74.121
74.125
76.223
77.11
77.32
77.67
77.70
77.72
77.73
77.74
77.75
77.77
77.81
77.83
77.84
77.87
77.91
77.94
77.95
77.104
77.111
77.128
77.136
77.137
77.140
77.144
77.192
77.233
77.240
77.245
77.246
77.247
78.24
78.31
78.40
78.41
78.94
78.108
78.109
78.112
78.135
78.136
78.141
78.152
78.153
78.155
78.159
78.192
79.80
79.98
79.99
79.110
79.132
79.137
79.141
79.143
79.170
79.174
80.8
80.9
80.10
80.11
80.12
80.13
80.14
80.64
80.65
80.67
80.69
80.70
80.74
80.75
80.77
80.78
80.81
80.82
80.84
80.87
80.93
80.94
80.118
80.124
80.156
80.185
80.214
80.231
80.236
80.239
80.240
80.245
80.247
80.248
80.251
80.254
81.1
81.2
81.14
81.16
81.18
81.19
81.20
81.22
81.23
81.25
81.27
81.28
81.31
81.48
81.52
81.53
81.54
81.56
81.64
81.80
81.88
81.89
81.91
81.92
81.93
81.161
81.171
81.185
81.194
81.200
81.201
81.220
81.248
81.249
81.250
81.252
81.253
81.254
81.255
82.64
82.96
82.97
82.98
82.101
82.102
82.103
82.120
82.138
82.142
82.150
82.151
82.163
82.196
82.197
82.210
82.214
82.216
82.224
83.68
83.97
83.112
83.118
83.136
83.137
83.140
83.141
83.142
83.143
83.144
83.145
83.150
83.151
83.152
83.167
83.169
83.171
83.173
83.192
83.196
83.198
83.199
83.200
83.202
83.203
83.204
83.214
83.217
83.231
83.243
84.4
84.11
84.14
84.17
84.22
84.37
84.39
84.53
84.55
84.96
84.205
84.233
84.239
84.246
84.247
84.252
84.254
85.8
85.10
85.12
85.14
85.25
85.31
85.68
85.90
85.95
85.112
85.115
85.116
85.117
85.118
85.119
85.158
85.168
85.184
85.190
85.192
85.202
85.203
85.204
85.208
85.209
85.222
85.233
85.236
85.237
85.255
86.63
86.64
86.104
86.105
86.106
86.107
86.192
87.88
87.98
87.100
87.106
87.119
87.231
87.236
87.237
87.238
87.240
87.247
87.252
87.253
87.255
88.84
88.86
88.120
88.136
88.151
88.160
88.202
88.212
88.213
88.218
88.219
88.221
89.2
89.3
89.16
89.28
89.30
89.31
89.33
89.35
89.36
89.38
89.40
89.42
89.44
89.45
89.80
89.107
89.145
89.149
89.156
89.157
89.158
89.167
89.170
89.185
89.202
89.224
89.234
89.248
89.251
90.0
90.8
90.11
90.12
90.14
90.16
90.24
90.28
90.30
90.31
90.32
90.36
90.37
90.38
90.40
90.48
90.56
90.60
90.61
90.62
90.65
90.66
90.70
90.72
90.76
90.78
90.80
90.81
90.82
90.83
90.84
90.85
90.86
90.88
90.92
90.96
90.104
90.107
90.108
90.112
91.68
91.88
91.90
91.91
91.92
91.102
91.103
91.108
91.109
91.121
91.123
91.132
91.134
91.135
91.151
91.160
91.188
91.189
91.190
91.191
91.193
91.194
91.195
91.197
91.198
91.199
91.200
91.201
91.203
91.204
91.205
91.206
91.207
91.208
91.209
91.211
91.212
91.213
91.216
91.217
91.220
91.221
91.223
91.224
91.226
91.227
91.228
91.229
91.230
91.231
91.232
91.233
91.234
91.235
91.236
91.237
91.238
91.239
91.240
91.241
91.242
91.243
91.244
91.247
92.38
92.39
92.42
92.43
92.49
92.61
92.71
92.88
92.102
92.118
92.119
92.122
92.123
92.128
92.131
92.132
92.136
92.140
92.141
92.142
92.143
92.145
92.146
92.148
92.152
92.160
92.168
92.169
92.170
92.172
92.174
92.175
92.178
92.180
92.181
92.182
92.184
92.188
92.222
92.243
92.245
92.249
92.250
93.0
93.92
93.93
93.94
93.95
93.113
93.114
93.115
93.118
93.158
93.174
93.176
93.177
93.182
93.184
93.187
93.188
93.190
93.191
94.23
94.100
94.103
94.124
94.125
94.126
94.127
94.140
94.142
94.143
94.158
94.176
94.177
94.185
94.198
94.199
94.228
94.238
94.247
94.249
95.81
95.85
95.100
95.128
95.130
95.131
95.136
95.140
95.141
95.142
95.143
95.157
95.168
95.170
95.171
95.174
95.175
95.176
95.179
95.181
95.210
95.214
95.215
99.77
99.82
99.88
103.46
103.122
103.133
103.214
104.47
104.132
104.156
104.207
104.222
104.224
104.238
104.249
105.16
105.22
105.28
105.31
107.152
107.155
107.191
108.61
108.162
108.171
109.0
109.62
109.69
109.70
109.71
109.73
109.74
109.94
109.106
109.120
109.122
109.123
109.190
109.197
109.203
109.205
109.206
109.208
109.232
109.234
109.235
109.236
109.237
109.238
109.239
117.18
117.121
124.6
128.1
128.78
128.90
128.93
128.127
128.140
128.204
129.20
129.88
129.102
129.104
129.122
129.175
129.181
129.182
129.184
129.199
130.0
130.66
130.79
130.84
130.93
130.98
130.117
130.120
130.185
130.190
130.193
130.248
131.117
131.228
131.254
132.149
132.165
132.166
132.168
132.227
134.19
134.59
134.90
134.119
134.157
134.158
134.206
134.212
134.214
134.227
134.246
136.22
136.144
136.244
137.74
137.83
137.121
137.129
137.194
137.221
138.21
138.63
138.96
138.102
138.195
138.231
139.28
139.45
139.54
139.81
139.92
139.100
139.124
139.138
139.158
139.160
139.180
140.77
140.82
140.93
140.94
141.0
141.8
141.98
141.101
141.105
141.115
141.136
141.138
141.170
141.175
141.189
141.194
141.227
141.255
143.126
143.191
143.196
144.56
144.165
144.178
144.204
144.211
145.14
145.226
145.231
145.238
145.239
145.240
145.242
145.248
145.249
146.0
146.19
146.51
146.66
146.88
146.105
146.112
146.158
146.162
146.185
146.247
146.249
146.255
147.75
147.78
147.94
147.98
147.100
147.127
147.135
147.171
147.173
147.189
147.196
147.210
147.215
147.243
147.250
148.60
148.64
148.143
148.169
148.253
149.3
149.5
149.6
149.7
149.11
149.12
149.13
149.14
149.36
149.62
149.71
149.86
149.91
149.102
149.117
149.154
149.202
149.251
149.255
150.175
150.222
150.251
151.80
151.101
151.106
151.115
151.127
151.236
151.249
152.77
152.81
152.89
152.195
152.199
153.13
153.92
154.3
154.9
154.13
154.16
154.17
154.21
154.41
154.43
154.45
154.49
154.50
154.52
154.54
154.56
154.59
154.66
154.73
154.95
155.132
155.133
155.140
155.237
156.18
156.28
156.109
156.118
156.154
156.227
156.236
156.238
157.23
157.52
157.56
157.97
157.99
157.136
157.159
157.169
157.172
157.243
158.46
158.50
158.58
158.156
158.190
158.192
158.231
158.255
159.8
159.20
159.31
159.50
159.84
159.95
159.100
159.151
159.172
159.173
159.180
159.215
159.217
160.92
160.103
160.116
160.181
160.228
160.231
160.238
161.3
161.48
161.104
161.106
161.123
162.38
162.158
162.212
163.5
163.9
163.62
163.64
163.72
163.76
163.77
163.78
163.79
163.80
163.96
163.100
163.103
163.104
163.112
163.114
163.115
163.116
163.171
163.172
163.173
163.198
164.1
164.2
164.7
164.81
164.129
164.131
164.132
164.138
164.160
164.177
165.54
165.169
165.225
165.231
166.49
167.88
167.100
167.114
168.91
169.239
170.149
170.252
171.16
171.18
171.22
171.25
171.33
171.168
172.69
172.82
172.94
172.111
172.152
172.184
172.204
172.208
172.210
173.199
173.211
173.245
174.35
174.140
176.31
176.52
176.53
176.57
176.58
176.67
176.74
176.97
176.118
176.120
176.123
176.124
176.125
176.128
176.160
176.168
176.172
176.174
176.175
176.176
176.222
176.241
178.16
178.17
178.18
178.19
178.20
178.21
178.22
178.23
178.32
178.33
178.73
178.132
178.157
178.170
178.171
178.208
178.213
178.236
178.237
178.238
178.248
178.249
178.250
178.251
178.255
179.61
181.214
181.215
184.105
184.169
184.174
185.1
185.2
185.3
185.4
185.5
185.6
185.7
185.8
185.9
185.10
185.11
185.12
185.13
185.14
185.15
185.16
185.17
185.18
185.19
185.20
185.21
185.22
185.23
185.24
185.25
185.26
185.27
185.28
185.29
185.30
185.31
185.32
185.33
185.34
185.35
185.36
185.37
185.38
185.39
185.40
185.41
185.42
185.43
185.44
185.45
185.46
185.47
185.48
185.49
185.50
185.51
185.52
185.53
185.54
185.55
185.56
185.57
185.58
185.59
185.60
185.61
185.62
185.63
185.64
185.65
185.66
185.67
185.68
185.69
185.70
185.71
185.72
185.73
185.74
185.75
185.76
185.77
185.78
185.79
185.80
185.81
185.82
185.83
185.84
185.85
185.86
185.87
185.88
185.89
185.90
185.91
185.92
185.93
185.94
185.95
185.96
185.97
185.98
185.99
185.100
185.101
185.102
185.103
185.104
185.105
185.106
185.107
185.108
185.109
185.110
185.111
185.112
185.113
185.114
185.115
185.116
185.117
185.118
185.119
185.120
185.121
185.122
185.123
185.124
185.125
185.126
185.127
185.128
185.129
185.130
185.131
185.132
185.133
185.134
185.135
185.136
185.137
185.138
185.139
185.140
185.141
185.142
185.143
185.144
185.145
185.146
185.147
185.148
185.149
185.150
185.151
185.152
185.153
185.154
185.155
185.156
185.157
185.158
185.159
185.160
185.161
185.162
185.163
185.164
185.165
185.166
185.167
185.168
185.169
185.170
185.171
185.172
185.173
185.174
185.175
185.176
185.177
185.178
185.179
185.180
185.181
185.182
185.183
185.184
185.185
185.186
185.187
185.188
185.189
185.190
185.191
185.192
185.193
185.194
185.195
185.196
185.197
185.198
185.199
185.200
185.201
185.202
185.203
185.204
185.205
185.206
185.207
185.208
185.209
185.210
185.211
185.212
185.213
185.214
185.215
185.216
185.217
185.218
185.219
185.220
185.221
185.222
185.223
185.224
185.225
185.226
185.227
185.228
185.229
185.230
185.231
185.232
185.233
185.234
185.235
185.236
185.237
185.238
185.239
185.240
185.241
185.242
185.243
185.244
185.245
185.246
185.247
185.248
185.249
185.250
185.251
185.252
185.253
185.254
185.255
188.7
188.64
188.65
188.66
188.72
188.73
188.92
188.93
188.94
188.114
188.115
188.121
188.123
188.130
188.138
188.141
188.165
188.172
188.208
188.213
188.214
188.215
188.224
188.240
188.244
191.96
191.101
192.5
192.6
192.12
192.31
192.33
192.36
192.41
192.42
192.44
192.52
192.54
192.70
192.71
192.75
192.83
192.86
192.92
192.93
192.94
192.100
192.102
192.103
192.104
192.108
192.109
192.121
192.122
192.131
192.134
192.135
192.136
192.139
192.144
192.145
192.146
192.147
192.149
192.152
192.159
192.160
192.162
192.165
192.166
192.175
192.188
192.189
192.190
192.196
192.227
192.229
192.230
192.240
192.241
192.248
193.0
193.5
193.7
193.8
193.16
193.17
193.19
193.22
193.23
193.25
193.26
193.27
193.28
193.29
193.30
193.32
193.33
193.34
193.35
193.36
193.37
193.38
193.39
193.41
193.42
193.43
193.46
193.47
193.48
193.52
193.54
193.56
193.57
193.58
193.70
193.78
193.84
193.93
193.104
193.105
193.106
193.107
193.108
193.109
193.110
193.111
193.134
193.135
193.138
193.139
193.142
193.148
193.149
193.150
193.151
193.155
193.160
193.161
193.164
193.168
193.169
193.176
193.177
193.178
193.182
193.183
193.186
193.188
193.189
193.194
193.200
193.201
193.202
193.203
193.218
193.219
193.220
193.221
193.222
193.227
193.228
193.234
193.235
193.238
193.239
193.240
193.242
193.243
193.248
193.249
193.250
193.251
193.252
193.253
194.0
194.1
194.2
194.3
194.4
194.5
194.6
194.8
194.9
194.10
194.11
194.13
194.14
194.24
194.26
194.29
194.31
194.32
194.33
194.34
194.36
194.37
194.38
194.39
194.42
194.45
194.50
194.51
194.53
194.56
194.57
194.59
194.60
194.62
194.68
194.69
194.76
194.79
194.88
194.98
194.99
194.104
194.105
194.107
194.110
194.114
194.116
194.117
194.119
194.124
194.125
194.126
194.127
194.132
194.140
194.143
194.145
194.146
194.147
194.149
194.150
194.151
194.153
194.156
194.158
194.161
194.165
194.167
194.169
194.176
194.177
194.180
194.182
194.183
194.187
194.196
194.199
194.206
194.213
194.214
194.221
194.242
194.246
194.247
194.250
194.253
194.254
195.3
195.5
195.6
195.7
195.8
195.10
195.13
195.14
195.20
195.21
195.22
195.24
195.25
195.27
195.28
195.35
195.36
195.38
195.42
195.43
195.46
195.47
195.49
195.51
195.54
195.60
195.62
195.64
195.66
195.68
195.72
195.74
195.75
195.78
195.79
195.80
195.81
195.83
195.85
195.88
195.89
195.90
195.93
195.95
195.98
195.101
195.110
195.112
195.114
195.115
195.118
195.122
195.123
195.128
195.130
195.132
195.134
195.135
195.137
195.138
195.140
195.143
195.144
195.146
195.149
195.154
195.158
195.160
195.167
195.170
195.177
195.178
195.182
195.189
195.190
195.191
195.192
195.200
195.202
195.206
195.210
195.212
195.214
195.216
195.219
195.220
195.221
195.225
195.226
195.232
195.234
195.238
195.242
195.244
195.246
195.248
195.250
195.254
196.3
196.16
196.19
196.52
196.54
196.55
196.196
196.197
196.198
196.199
196.240
196.242
196.244
196.245
196.247
197.255
198.12
198.16
198.27
198.50
198.61
198.101
198.137
198.143
198.144
198.147
198.180
198.204
199.2
199.6
199.7
199.34
199.59
199.103
199.180
199.188
199.241
199.247
204.79
204.98
204.152
205.157
205.167
205.244
205.248
206.57
206.164
206.165
206.182
206.223
207.45
207.189
207.209
208.185
209.18
209.130
209.206
209.209
212.11
212.18
212.19
212.23
212.26
212.27
212.30
212.36
212.37
212.39
212.43
212.44
212.47
212.51
212.62
212.63
212.66
212.67
212.73
212.74
212.78
212.81
212.82
212.83
212.84
212.85
212.86
212.92
212.94
212.95
212.99
212.103
212.104
212.106
212.107
212.121
212.124
212.129
212.155
212.157
212.162
212.180
212.194
212.197
212.198
212.208
212.211
212.221
212.222
212.234
213.11
213.30
213.32
213.36
213.39
213.41
213.44
213.55
213.56
213.62
213.90
213.91
213.108
213.111
213.117
213.128
213.137
213.138
213.139
213.144
213.151
213.152
213.159
213.161
213.162
213.163
213.166
213.167
213.169
213.173
213.174
213.176
213.178
213.180
213.182
213.184
213.186
213.187
213.190
213.203
213.205
213.209
213.215
213.218
213.223
213.225
213.226
213.227
213.228
213.232
213.242
213.244
213.245
213.246
213.251
216.74
216.87
216.110
216.172
216.241
217.8
217.13
217.15
217.16
217.18
217.19
217.21
217.24
217.25
217.26
217.28
217.31
217.61
217.63
217.64
217.66
217.67
217.69
217.70
217.71
217.74
217.77
217.108
217.109
217.111
217.112
217.113
217.114
217.115
217.117
217.118
217.119
217.128
217.138
217.144
217.146
217.147
217.151
217.156
217.163
217.167
217.168
217.169
217.171
217.174
217.175
217.181
217.182
217.194
217.195
217.212
220.242