1.32
2.16
2.56
2.57
2.58
2.59
3.0
3.2
3.4
3.5
3.12
3.16
3.28
3.32
3.44
3.48
3.64
3.96
3.108
3.116
3.128
3.192
3.224
3.240
3.250
4.0
4.4
4.6
4.7
4.8
4.16
4.17
4.18
4.20
4.24
4.28
4.29
4.30
4.31
4.32
4.48
4.52
4.53
4.54
4.56
4.58
4.59
4.60
4.64
4.68
4.69
4.70
4.72
4.76
4.78
4.79
4.80
4.96
4.128
5.4
5.8
5.10
5.11
5.34
5.35
5.61
5.62
5.104
5.145
5.148
5.152
5.154
5.175
5.180
5.181
5.182
5.183
5.188
5.189
5.226
5.230
5.231
5.252
5.253
5.254
6.0
8.0
8.1
8.2
8.3
8.4
8.5
8.6
8.7
8.8
8.12
8.14
8.15
8.16
8.17
8.18
8.19
8.20
8.21
8.22
8.24
8.25
8.26
8.27
8.28
8.29
8.30
8.31
8.32
8.33
8.34
8.35
8.36
8.37
8.38
8.39
8.40
8.41
8.42
8.43
8.44
8.45
8.46
8.47
8.48
8.64
8.80
8.84
8.86
8.87
8.88
8.96
8.100
8.101
8.102
8.104
8.112
8.192
8.224
8.240
8.244
8.245
8.246
8.248
9.0
9.8
9.9
9.10
9.12
9.16
9.32
9.64
9.128
11.0
11.8
11.12
11.13
11.14
11.16
11.20
11.22
11.23
11.24
11.32
11.64
11.128
12.0
12.16
12.20
12.21
12.22
12.24
12.28
12.29
12.30
12.32
12.64
12.80
12.84
12.86
12.87
12.88
12.96
12.104
12.108
12.110
12.111
12.112
12.116
12.118
12.119
12.120
12.124
12.125
12.126
12.128
12.129
12.130
12.132
12.136
12.144
12.160
12.168
12.172
12.174
12.175
12.176
12.192
12.200
12.204
12.205
12.206
12.208
12.224
12.228
12.230
12.231
12.232
12.240
12.248
12.249
12.250
12.252
13.0
13.8
13.9
13.10
13.12
13.16
13.17
13.18
13.20
13.24
13.32
13.50
13.52
13.56
13.64
13.66
13.67
13.68
13.71
13.72
13.73
13.77
13.78
13.82
13.84
13.86
13.87
13.88
13.89
13.90
13.92
13.93
13.96
13.104
13.105
13.106
13.107
13.108
13.112
13.116
13.120
13.128
13.192
13.212
13.216
13.224
13.240
13.246
13.248
13.249
13.252
14.1
14.102
14.192
15.0
15.64
15.80
15.88
15.89
15.90
15.91
15.92
15.96
15.112
15.120
15.124
15.125
15.126
15.128
15.160
15.166
15.168
15.176
15.177
15.178
15.180
15.182
15.183
15.184
15.186
15.189
15.190
15.192
15.193
15.194
15.195
15.196
15.200
15.202
15.203
15.204
15.208
15.210
15.211
15.212
15.216
15.218
15.219
15.220
15.221
15.224
15.226
15.227
15.228
15.232
15.238
15.240
16.0
16.128
16.160
16.164
16.166
16.167
16.168
16.176
16.192
16.224
16.240
16.242
16.243
16.244
16.248
17.0
17.1
17.2
17.4
17.8
17.16
17.18
17.19
17.20
17.21
17.22
17.24
17.26
17.27
17.28
17.29
17.30
17.32
17.40
17.42
17.43
17.44
17.45
17.46
17.47
17.48
17.49
17.50
17.51
17.52
17.56
17.66
17.67
17.68
17.69
17.70
17.71
17.72
17.73
17.74
17.75
17.77
17.78
17.79
17.81
17.84
17.85
17.86
17.89
17.90
17.91
17.92
17.93
17.94
17.95
17.96
17.112
17.120
17.124
17.126
17.127
17.128
17.192
17.224
17.232
17.233
17.234
17.235
17.236
17.240
17.248
17.249
17.250
17.251
17.252
17.253
17.254
17.255
18.0
18.128
18.131
18.132
18.137
18.144
18.152
18.154
18.160
18.164
18.168
18.172
18.174
18.186
18.188
18.204
18.208
18.224
18.231
18.232
18.240
19.0
19.16
19.24
19.26
19.27
19.28
19.32
19.48
19.50
19.51
19.52
19.56
19.64
19.128
20.0
20.32
20.36
20.37
20.38
20.39
20.40
20.41
20.42
20.43
20.44
20.45
20.46
20.47
20.48
20.64
20.128
20.132
20.133
20.134
20.136
20.138
20.139
20.140
20.142
20.143
20.144
20.148
20.150
20.151
20.152
20.160
20.176
20.184
20.185
20.186
20.187
20.188
20.189
20.190
20.191
20.192
20.193
20.194
20.196
20.200
20.204
20.206
20.207
20.208
20.224
21.0
21.16
21.20
21.22
21.23
21.24
21.32
21.64
21.80
21.88
21.89
21.90
21.92
21.96
21.128
22.0
22.32
22.48
22.50
22.51
22.52
22.56
22.64
22.128
23.0
23.1
23.2
23.3
23.4
23.5
23.6
23.7
23.8
23.9
23.10
23.11
23.12
23.13
23.14
23.15
23.18
23.19
23.20
23.24
23.26
23.27
23.28
23.29
23.30
23.32
23.33
23.34
23.35
23.36
23.37
23.38
23.39
23.40
23.41
23.42
23.43
23.44
23.45
23.46
23.47
23.48
23.49
23.50
23.51
23.52
23.53
23.54
23.55
23.56
23.57
23.58
23.59
23.60
23.61
23.62
23.63
23.64
23.65
23.66
23.67
23.68
23.72
23.74
23.75
23.76
23.77
23.78
23.79
23.80
23.82
23.83
23.84
23.88
23.90
23.91
23.92
23.93
23.94
23.95
23.96
23.97
23.98
23.99
23.100
23.101
23.102
23.103
23.104
23.105
23.106
23.107
23.108
23.109
23.110
23.111
23.112
23.128
23.129
23.130
23.131
23.132
23.133
23.134
23.135
23.136
23.137
23.138
23.139
23.140
23.141
23.142
23.143
23.144
23.145
23.146
23.147
23.148
23.149
23.150
23.151
23.152
23.153
23.154
23.155
23.156
23.157
23.158
23.159
23.160
23.161
23.162
23.163
23.164
23.165
23.166
23.167
23.168
23.169
23.170
23.171
23.172
23.173
23.174
23.175
23.176
23.177
23.178
23.179
23.180
23.181
23.182
23.183
23.184
23.185
23.186
23.187
23.188
23.189
23.190
23.191
23.192
23.193
23.194
23.195
23.196
23.197
23.198
23.199
23.200
23.201
23.202
23.203
23.204
23.205
23.206
23.207
23.208
23.209
23.210
23.211
23.212
23.213
23.214
23.215
23.216
23.217
23.218
23.219
23.220
23.221
23.222
23.223
23.224
23.225
23.226
23.227
23.228
23.229
23.230
23.231
23.232
23.234
23.235
23.236
23.237
23.238
23.239
23.240
23.244
23.246
23.247
23.248
23.249
23.250
23.251
23.252
23.253
23.254
23.255
24.0
24.16
24.24
24.25
24.26
24.28
24.32
24.38
24.39
24.40
24.41
24.42
24.43
24.44
24.48
24.49
24.50
24.51
24.52
24.53
24.54
24.55
24.56
24.58
24.60
24.72
24.73
24.74
24.75
24.88
24.89
24.90
24.92
24.93
24.94
24.96
24.100
24.101
24.102
24.103
24.104
24.105
24.106
24.110
24.112
24.115
24.116
24.120
24.123
24.124
24.128
24.129
24.130
24.136
24.137
24.139
24.140
24.142
24.143
24.144
24.146
24.147
24.148
24.151
24.152
24.153
24.154
24.156
24.157
24.158
24.160
24.168
24.170
24.171
24.172
24.176
24.192
24.204
24.205
24.206
24.207
24.208
24.213
24.214
24.215
24.216
24.220
24.223
24.224
24.225
24.227
24.228
24.230
24.231
24.233
24.234
24.235
24.236
24.238
24.239
24.240
24.244
24.245
24.246
24.247
24.248
26.0
27.124
27.126
28.0
30.0
31.11
31.12
31.13
31.14
31.40
31.129
31.131
31.132
31.170
31.171
31.177
31.187
31.193
31.207
31.214
31.216
31.217
31.220
31.221
31.222
32.0
32.16
32.20
32.22
32.23
32.24
32.25
32.26
32.28
32.32
32.36
32.38
32.39
32.40
32.42
32.43
32.44
32.48
32.56
32.58
32.60
32.61
32.62
32.64
32.96
32.100
32.101
32.102
32.103
32.104
32.105
32.106
32.107
32.108
32.112
32.113
32.114
32.115
32.116
32.120
32.128
33.0
34.0
34.65
34.66
34.68
34.72
34.81
34.82
34.84
34.85
34.86
34.87
34.88
34.90
34.91
34.93
34.94
34.96
34.98
34.99
34.100
34.102
34.103
34.104
34.108
34.109
34.110
34.112
34.120
34.124
34.125
34.126
34.128
34.192
34.208
34.212
34.213
34.214
34.216
34.224
34.228
34.230
34.231
34.232
35.0
35.32
35.48
35.56
35.58
35.59
35.60
35.64
35.128
35.144
35.152
35.155
35.160
35.161
35.162
35.164
35.168
35.184
35.185
35.186
35.187
35.188
35.189
35.190
35.192
35.194
35.196
35.197
35.198
35.199
35.201
35.202
35.203
35.206
35.207
35.208
35.216
35.217
35.218
35.219
35.220
35.221
35.222
35.224
35.229
35.230
35.231
35.232
35.234
35.235
35.236
35.241
35.242
35.243
35.244
35.245
35.246
35.247
35.248
37.1
37.9
37.10
37.18
37.35
37.44
37.46
37.60
37.61
37.72
37.98
37.120
37.123
37.127
37.130
37.139
37.156
37.218
37.221
37.228
37.230
37.235
37.244
37.252
38.0
38.16
38.17
38.18
38.19
38.20
38.21
38.22
38.24
38.26
38.27
38.28
38.29
38.30
38.31
38.32
38.33
38.34
38.36
38.38
38.39
38.40
38.48
38.64
38.65
38.66
38.68
38.69
38.70
38.72
38.73
38.74
38.75
38.76
38.80
38.81
38.82
38.83
38.84
38.85
38.86
38.87
38.88
38.89
38.90
38.92
38.94
38.95
38.96
38.97
38.98
38.99
38.100
38.101
38.102
38.103
38.104
38.105
38.106
38.107
38.108
38.109
38.110
38.111
38.112
38.113
38.114
38.116
38.117
38.118
38.120
38.121
38.122
38.123
38.124
38.125
38.126
38.127
38.128
38.129
38.130
38.131
38.132
38.133
38.134
38.136
38.140
38.141
38.142
38.143
38.144
38.145
38.146
38.147
38.148
38.152
38.160
38.192
38.224
38.240
38.241
38.242
38.244
38.248
40.0
40.1
40.2
40.4
40.8
40.16
40.32
40.64
40.65
40.66
40.67
40.69
40.70
40.74
40.75
40.76
40.77
40.78
40.79
40.80
40.81
40.82
40.83
40.84
40.85
40.86
40.87
40.88
40.89
40.90
40.91
40.92
40.93
40.94
40.95
40.96
40.97
40.98
40.100
40.101
40.102
40.103
40.104
40.106
40.107
40.108
40.109
40.110
40.112
40.113
40.114
40.116
40.117
40.118
40.119
40.120
40.121
40.122
40.123
40.124
40.125
40.126
40.127
40.128
40.192
40.224
40.240
40.248
40.252
40.253
40.254
41.76
41.93
41.194
41.216
41.222
43.191
43.224
43.226
43.228
43.230
43.231
43.243
43.245
43.250
43.251
43.255
44.0
44.128
44.130
44.131
44.132
44.133
44.134
44.136
44.138
44.141
44.142
44.145
44.146
44.148
44.152
44.160
44.164
44.165
44.166
44.167
44.168
44.171
44.172
44.176
44.180
44.182
44.183
44.184
44.188
44.190
44.191
44.192
45.0
45.3
45.4
45.5
45.6
45.8
45.9
45.10
45.11
45.12
45.13
45.14
45.15
45.16
45.32
45.33
45.34
45.36
45.40
45.41
45.42
45.43
45.45
45.46
45.48
45.56
45.57
45.58
45.59
45.60
45.61
45.62
45.63
45.65
45.66
45.67
45.71
45.72
45.73
45.74
45.76
45.77
45.78
45.79
45.80
45.81
45.82
45.83
45.84
45.85
45.86
45.87
45.88
45.89
45.90
45.91
45.92
45.93
45.94
45.95
45.112
45.113
45.115
45.119
45.124
45.125
45.126
45.127
45.128
45.129
45.130
45.131
45.132
45.133
45.134
45.135
45.136
45.137
45.138
45.139
45.140
45.141
45.142
45.143
45.144
45.145
45.146
45.147
45.148
45.149
45.150
45.151
45.152
45.153
45.154
45.155
45.156
45.157
45.158
45.159
45.164
45.169
45.170
45.176
45.180
45.185
45.186
45.199
45.220
45.223
45.224
45.237
45.238
45.248
45.249
45.250
45.251
45.252
45.253
45.254
45.255
46.17
46.18
46.21
46.22
46.31
46.33
46.36
46.38
46.58
46.102
46.183
46.211
46.218
46.226
46.229
46.231
46.234
46.243
46.244
46.248
46.254
46.255
47.0
47.12
47.14
47.16
47.24
47.28
47.32
47.48
47.56
47.58
47.59
47.76
47.80
47.88
47.89
47.90
47.132
47.136
47.144
47.160
47.176
47.180
47.182
47.183
47.184
47.192
47.224
47.241
47.242
47.245
47.246
47.248
47.250
47.251
47.252
47.253
47.254
48.0
49.33
49.51
49.255
50.0
50.2
50.3
50.4
50.6
50.7
50.8
50.16
50.20
50.21
50.22
50.24
50.28
50.30
50.31
50.32
50.48
50.56
50.62
50.73
50.74
50.76
50.80
50.84
50.85
50.86
50.88
50.93
50.94
50.96
50.97
50.102
50.104
50.112
50.114
50.115
50.116
50.117
50.118
50.120
50.128
50.192
50.224
50.225
50.226
50.228
50.232
50.240
51.3
51.69
51.74
51.76
51.78
51.80
51.81
51.82
51.84
51.88
51.90
51.92
51.96
51.100
51.102
51.112
51.114
51.117
51.118
51.121
51.125
51.129
51.131
51.134
51.139
51.141
51.143
51.160
51.162
51.164
51.168
51.172
51.176
51.180
51.184
51.188
51.192
51.196
51.200
51.204
51.208
51.212
51.216
51.220
51.224
51.228
51.232
51.236
51.240
51.244
51.248
51.254
51.255
52.0
52.18
52.19
52.20
52.24
52.32
52.40
52.44
52.46
52.52
52.61
52.70
52.72
52.75
52.84
52.88
52.92
52.93
52.94
52.95
52.96
52.97
52.98
52.99
52.100
52.101
52.102
52.103
52.104
52.105
52.106
52.108
52.109
52.110
52.111
52.112
52.113
52.114
52.115
52.116
52.118
52.119
52.120
52.121
52.122
52.124
52.125
52.126
52.128
52.129
52.132
52.136
52.137
52.138
52.141
52.142
52.143
52.144
52.145
52.146
52.147
52.148
52.149
52.150
52.151
52.152
52.154
52.155
52.156
52.157
52.158
52.159
52.160
52.162
52.165
52.167
52.168
52.170
52.173
52.175
52.176
52.179
52.180
52.182
52.183
52.184
52.185
52.186
52.188
52.189
52.190
52.200
52.216
52.218
52.219
52.222
52.223
52.224
52.228
52.229
52.230
52.232
52.233
52.234
52.235
52.237
52.238
52.239
52.240
52.242
52.243
52.244
52.245
52.246
52.247
52.248
52.249
52.250
52.252
52.253
52.254
52.255
54.0
54.32
54.39
54.40
54.48
54.64
54.67
54.68
54.80
54.88
54.92
54.96
54.128
54.144
54.148
54.151
54.152
54.153
54.156
54.160
54.172
54.174
54.175
54.176
54.182
54.184
54.192
54.196
54.198
54.200
54.204
54.208
54.218
54.221
54.224
54.230
54.231
54.234
54.236
54.239
54.240
54.241
54.242
54.244
54.251
55.0
56.0
57.48
57.67
57.68
57.76
57.77
57.80
57.97
57.100
57.135
57.188
57.191
57.221
58.84
59.151
59.152
59.153
60.254
61.14
61.28
62.13
62.67
62.72
62.78
62.100
62.112
62.115
62.122
62.128
62.145
62.151
62.164
62.192
62.216
62.245
63.0
63.36
63.40
63.48
63.64
63.65
63.66
63.68
63.72
63.80
63.81
63.82
63.84
63.88
63.92
63.93
63.94
63.96
63.100
63.102
63.103
63.104
63.105
63.106
63.108
63.109
63.110
63.112
63.128
63.129
63.130
63.131
63.132
63.134
63.135
63.136
63.137
63.138
63.140
63.141
63.142
63.143
63.144
63.146
63.147
63.148
63.150
63.151
63.152
63.156
63.157
63.158
63.160
63.161
63.162
63.163
63.164
63.165
63.166
63.167
63.168
63.169
63.170
63.171
63.172
63.173
63.174
63.175
63.176
63.192
63.208
63.209
63.210
63.211
63.212
63.214
63.215
63.216
63.217
63.218
63.219
63.220
63.221
63.222
63.223
63.224
63.225
63.226
63.228
63.229
63.230
63.231
63.232
63.234
63.235
63.236
63.240
63.242
63.243
63.244
63.245
63.246
63.247
63.248
63.250
63.251
63.252
64.0
64.4
64.5
64.6
64.7
64.8
64.9
64.10
64.11
64.12
64.13
64.14
64.15
64.16
64.17
64.18
64.19
64.20
64.21
64.22
64.23
64.24
64.25
64.26
64.27
64.28
64.29
64.30
64.31
64.32
64.33
64.34
64.35
64.36
64.37
64.38
64.39
64.40
64.41
64.42
64.43
64.44
64.45
64.46
64.47
64.48
64.49
64.50
64.51
64.52
64.53
64.54
64.56
64.57
64.58
64.59
64.60
64.62
64.63
64.64
64.65
64.66
64.67
64.68
64.69
64.70
64.71
64.72
64.73
64.74
64.75
64.76
64.77
64.78
64.79
64.80
64.84
64.85
64.86
64.87
64.88
64.89
64.90
64.91
64.92
64.93
64.94
64.95
64.96
64.98
64.99
64.100
64.102
64.103
64.105
64.106
64.107
64.108
64.110
64.111
64.112
64.113
64.115
64.116
64.117
64.118
64.119
64.120
64.121
64.122
64.124
64.125
64.126
64.127
64.128
64.130
64.131
64.132
64.136
64.137
64.138
64.139
64.140
64.141
64.142
64.143
64.144
64.145
64.146
64.147
64.148
64.150
64.151
64.152
64.156
64.158
64.159
64.160
64.176
64.178
64.179
64.181
64.182
64.184
64.185
64.186
64.187
64.188
64.189
64.190
64.191
64.192
64.193
64.194
64.196
64.200
64.201
64.202
64.203
64.204
64.206
64.207
64.208
64.209
64.210
64.211
64.212
64.213
64.214
64.215
64.216
64.224
64.225
64.226
64.227
64.232
64.233
64.234
64.235
64.236
64.237
64.238
64.239
64.240
64.244
64.246
64.247
64.248
64.250
64.251
64.252
64.253
64.254
64.255
65.0
65.16
65.18
65.19
65.20
65.22
65.23
65.24
65.32
65.36
65.38
65.39
65.40
65.48
65.49
65.50
65.52
65.53
65.54
65.55
65.56
65.60
65.61
65.62
65.64
65.72
65.74
65.75
65.76
65.80
65.84
65.86
65.87
65.88
65.96
65.97
65.98
65.99
65.100
65.101
65.102
65.104
65.108
65.110
65.111
65.112
65.113
65.114
65.115
65.116
65.117
65.118
65.120
65.121
65.122
65.124
65.126
65.127
65.128
65.144
65.148
65.150
65.151
65.152
65.153
65.154
65.155
65.156
65.160
65.161
65.162
65.163
65.164
65.165
65.166
65.167
65.168
65.169
65.170
65.171
65.172
65.173
65.174
65.175
65.176
65.180
65.181
65.182
65.183
65.184
65.192
65.196
65.198
65.199
65.200
65.202
65.203
65.204
65.208
65.209
65.210
65.212
65.216
65.220
65.221
65.222
65.224
65.228
65.229
65.230
65.231
65.232
65.240
65.248
65.252
65.254
65.255
66.0
66.1
66.2
66.4
66.6
66.7
66.8
66.9
66.10
66.11
66.12
66.16
66.18
66.19
66.20
66.24
66.32
66.33
66.34
66.36
66.37
66.38
66.39
66.40
66.41
66.42
66.43
66.44
66.45
66.46
66.47
66.48
66.49
66.50
66.51
66.52
66.54
66.55
66.56
66.58
66.59
66.60
66.61
66.62
66.64
66.68
66.70
66.71
66.72
66.76
66.78
66.79
66.80
66.81
66.82
66.84
66.85
66.86
66.87
66.88
66.96
66.97
66.98
66.99
66.100
66.101
66.102
66.103
66.104
66.108
66.110
66.111
66.112
66.113
66.114
66.115
66.116
66.117
66.118
66.119
66.120
66.128
66.129
66.132
66.133
66.134
66.135
66.136
66.144
66.146
66.147
66.148
66.149
66.150
66.152
66.153
66.154
66.155
66.156
66.158
66.159
66.160
66.161
66.162
66.163
66.164
66.165
66.166
66.168
66.170
66.171
66.172
66.174
66.175
66.176
66.178
66.179
66.180
66.181
66.182
66.184
66.185
66.186
66.187
66.188
66.192
66.196
66.197
66.198
66.199
66.200
66.201
66.202
66.203
66.204
66.205
66.206
66.207
66.208
66.209
66.210
66.212
66.213
66.214
66.216
66.220
66.221
66.222
66.223
66.224
66.225
66.226
66.227
66.228
66.229
66.230
66.231
66.232
66.233
66.234
66.235
66.236
66.240
66.241
66.242
66.243
66.244
66.245
66.246
66.247
66.248
66.249
66.250
66.251
66.252
66.253
66.254
66.255
67.0
67.8
67.12
67.14
67.15
67.16
67.17
67.18
67.20
67.21
67.22
67.23
67.24
67.32
67.40
67.42
67.43
67.44
67.48
67.52
67.54
67.55
67.56
67.58
67.59
67.60
67.64
67.69
67.72
67.73
67.74
67.76
67.80
67.96
67.98
67.99
67.100
67.104
67.112
67.128
67.136
67.140
67.142
67.143
67.144
67.148
67.149
67.150
67.152
67.156
67.158
67.159
67.160
67.192
67.194
67.196
67.198
67.199
67.200
67.201
67.202
67.203
67.204
67.205
67.206
67.207
67.208
67.209
67.210
67.211
67.212
67.213
67.214
67.215
67.216
67.217
67.218
67.219
67.220
67.221
67.222
67.223
67.224
67.225
67.226
67.227
67.228
67.229
67.230
67.231
67.232
67.240
68.0
68.16
68.24
68.28
68.29
68.30
68.31
68.32
68.64
68.65
68.66
68.67
68.68
68.69
68.70
68.71
68.72
68.76
68.78
68.79
68.80
68.96
68.128
68.152
68.160
68.168
68.169
68.170
68.171
68.172
68.176
68.178
68.179
68.180
68.183
68.184
68.192
68.224
68.232
68.233
68.234
68.235
68.236
68.240
69.0
69.1
69.2
69.4
69.5
69.6
69.7
69.8
69.9
69.10
69.11
69.12
69.13
69.14
69.16
69.17
69.18
69.20
69.21
69.22
69.24
69.25
69.26
69.27
69.28
69.29
69.30
69.31
69.32
69.36
69.37
69.38
69.40
69.41
69.42
69.43
69.44
69.45
69.46
69.47
69.48
69.49
69.50
69.51
69.52
69.53
69.54
69.55
69.56
69.57
69.58
69.59
69.60
69.61
69.62
69.63
69.64
69.65
69.66
69.67
69.68
69.71
69.72
69.73
69.74
69.76
69.77
69.78
69.79
69.80
69.81
69.82
69.84
69.86
69.87
69.88
69.89
69.90
69.91
69.92
69.94
69.95
69.96
69.128
69.144
69.152
69.160
69.161
69.162
69.163
69.164
69.165
69.166
69.167
69.168
69.169
69.170
69.171
69.172
69.173
69.174
69.175
69.176
69.177
69.178
69.180
69.184
69.188
69.190
69.191
69.192
69.193
69.194
69.195
69.196
69.197
69.198
69.200
69.208
69.224
69.228
69.230
69.231
69.232
69.234
69.235
69.236
69.240
70.0
70.16
70.32
70.33
70.34
70.35
70.36
70.37
70.38
70.39
70.40
70.41
70.42
70.43
70.44
70.46
70.56
70.84
70.88
70.96
70.128
70.132
70.133
70.134
70.136
70.144
70.160
70.192
70.224
70.232
70.233
70.234
70.236
70.240
71.0
71.4
71.6
71.7
71.8
71.16
71.18
71.19
71.20
71.24
71.32
71.64
71.128
71.130
71.131
71.132
71.133
71.134
71.136
71.137
71.138
71.140
71.144
71.160
71.192
72.0
72.1
72.2
72.3
72.4
72.5
72.6
72.7
72.8
72.9
72.10
72.11
72.12
72.13
72.14
72.15
72.16
72.18
72.19
72.20
72.21
72.22
72.23
72.24
72.25
72.26
72.27
72.28
72.29
72.30
72.32
72.34
72.35
72.36
72.37
72.40
72.44
72.45
72.46
72.47
72.48
72.50
72.51
72.52
72.53
72.54
72.55
72.56
72.64
72.128
72.144
72.160
72.162
72.163
72.164
72.168
72.169
72.170
72.172
72.173
72.174
72.176
72.192
72.224
72.240
72.244
72.246
72.247
72.248
72.249
72.250
72.251
72.252
72.253
72.254
72.255
73.0
74.0
74.2
74.3
74.4
74.8
74.16
74.32
74.50
74.51
74.52
74.60
74.62
74.63
74.64
74.80
74.81
74.82
74.83
74.84
74.85
74.86
74.88
74.90
74.91
74.92
74.96
74.112
74.113
74.114
74.115
74.116
74.117
74.118
74.119
74.120
74.121
74.122
74.123
74.124
74.125
74.126
74.127
74.128
74.160
74.168
74.169
74.170
74.172
74.176
74.192
74.196
74.199
74.200
74.201
74.202
74.204
74.205
74.206
74.207
74.208
74.209
74.211
74.212
74.213
74.214
74.215
74.217
74.218
74.220
74.221
74.222
74.223
74.224
75.0
75.64
75.72
75.76
75.78
75.79
75.80
75.96
75.98
75.99
75.100
75.102
75.103
75.104
75.112
75.116
75.118
75.119
75.120
75.124
75.126
75.127
75.128
75.144
75.160
75.192
75.224
75.240
75.248
75.250
75.251
75.252
76.0
76.8
76.9
76.10
76.11
76.12
76.16
76.32
76.72
76.73
76.74
76.75
76.76
76.77
76.78
76.79
76.80
76.96
76.128
76.192
76.208
76.216
76.220
76.222
76.223
76.224
77.67
77.70
77.74
77.75
77.83
77.88
77.90
77.104
77.111
77.232
77.234
77.239
77.241
77.243
77.247
78.26
78.31
78.45
78.128
78.142
78.152
78.159
79.110
79.141
79.142
79.143
79.148
79.174
80.11
80.12
80.67
80.77
80.78
80.84
80.86
80.112
80.154
80.169
80.196
80.209
80.248
80.251
80.254
80.255
81.16
81.22
81.31
81.52
81.85
81.92
81.161
81.171
81.201
82.102
82.115
82.116
82.118
82.138
82.150
82.163
82.196
82.198
82.199
82.205
82.214
83.136
83.143
83.151
83.167
83.168
83.171
83.219
84.17
84.19
84.21
84.38
84.39
84.40
84.53
84.54
84.63
84.233
84.245
84.247
85.8
85.92
85.112
85.115
85.117
85.187
85.190
85.202
85.203
85.204
85.208
85.209
85.234
85.255
86.62
86.104
86.105
86.106
86.107
86.111
86.130
87.101
87.121
87.237
87.239
87.250
87.254
88.98
88.119
88.135
88.151
88.202
88.205
88.214
88.218
89.20
89.21
89.30
89.31
89.32
89.33
89.34
89.35
89.36
89.37
89.38
89.39
89.40
89.42
89.44
89.45
89.46
89.149
89.167
89.183
89.185
89.187
89.191
89.202
89.207
89.208
89.239
89.251
89.255
90.84
91.90
91.102
91.103
91.132
91.148
91.188
91.189
91.190
91.192
91.196
91.197
91.200
91.203
91.204
91.205
91.206
91.207
91.208
91.209
91.212
91.214
91.216
91.217
91.218
91.220
91.221
91.223
91.225
91.227
91.228
91.229
91.232
91.233
91.234
91.235
91.236
91.243
92.38
92.42
92.71
92.118
92.119
92.121
92.123
92.141
92.168
92.210
92.223
92.242
92.246
92.249
93.91
93.93
93.113
93.114
93.115
93.119
93.120
93.170
93.174
93.177
93.179
93.184
93.187
93.188
93.190
93.215
94.16
94.24
94.26
94.46
94.100
94.101
94.103
94.125
94.131
94.142
94.154
94.158
94.176
94.177
94.199
94.210
94.231
94.249
95.85
95.131
95.141
95.142
95.143
95.156
95.161
95.163
95.164
95.169
95.172
95.181
95.183
95.210
95.214
95.215
96.0
96.2
96.4
96.6
96.7
96.8
96.9
96.10
96.12
96.16
96.17
96.18
96.24
96.28
96.30
96.31
96.32
96.40
96.42
96.43
96.44
96.45
96.46
96.47
96.56
96.60
96.62
96.63
96.64
96.96
96.112
96.120
96.124
96.125
96.126
96.127
96.128
97.0
97.64
97.65
97.66
97.68
97.72
97.74
97.75
97.76
97.80
97.96
97.104
97.106
97.107
97.112
97.128
98.0
98.64
98.96
98.112
98.120
98.124
98.125
98.126
98.129
98.130
98.132
98.136
98.140
98.142
98.143
98.144
98.152
98.156
98.158
98.159
98.160
98.192
99.0
99.64
99.72
99.76
99.77
99.78
99.82
99.83
99.84
99.88
99.89
99.90
99.92
99.96
99.128
99.160
99.176
99.180
99.181
99.182
99.184
99.192
99.193
99.194
99.196
99.198
99.200
99.202
99.203
99.204
100.0
100.1
100.2
100.4
100.8
100.16
100.32
100.40
100.42
100.43
100.44
100.48
100.128
101.198
102.64
102.128
102.129
102.165
102.200
103.1
103.3
103.4
103.5
103.6
103.11
103.12
103.13
103.14
103.15
103.19
103.20
103.21
103.25
103.26
103.27
103.28
103.30
103.31
103.35
103.43
103.47
103.49
103.50
103.52
103.60
103.66
103.67
103.68
103.70
103.71
103.72
103.73
103.74
103.78
103.79
103.81
103.82
103.83
103.85
103.86
103.87
103.91
103.92
103.93
103.94
103.95
103.96
103.98
103.99
103.101
103.102
103.103
103.104
103.105
103.110
103.111
103.114
103.115
103.116
103.120
103.122
103.123
103.124
103.126
103.129
103.130
103.131
103.134
103.140
103.141
103.142
103.143
103.195
103.196
103.200
103.201
103.202
103.203
103.205
103.206
103.207
103.208
103.209
103.211
103.212
103.214
103.216
103.217
103.219
103.225
103.228
103.230
103.231
103.232
103.236
103.237
103.238
103.240
103.241
103.242
103.243
103.244
103.246
103.247
103.251
103.252
103.254
104.0
104.8
104.9
104.10
104.12
104.16
104.32
104.36
104.37
104.38
104.40
104.41
104.42
104.43
104.44
104.45
104.46
104.47
104.48
104.64
104.65
104.66
104.67
104.68
104.69
104.70
104.71
104.72
104.73
104.74
104.75
104.76
104.77
104.78
104.79
104.80
104.81
104.82
104.83
104.84
104.85
104.86
104.87
104.88
104.89
104.90
104.91
104.92
104.93
104.94
104.95
104.96
104.97
104.98
104.99
104.100
104.101
104.102
104.103
104.104
104.105
104.106
104.107
104.108
104.109
104.110
104.111
104.112
104.113
104.114
104.115
104.116
104.117
104.118
104.119
104.120
104.121
104.122
104.123
104.124
104.125
104.126
104.127
104.128
104.129
104.130
104.132
104.133
104.134
104.135
104.136
104.140
104.141
104.142
104.143
104.144
104.145
104.146
104.147
104.148
104.149
104.150
104.152
104.153
104.154
104.156
104.159
104.160
104.161
104.162
104.164
104.166
104.167
104.168
104.169
104.170
104.171
104.172
104.176
104.192
104.193
104.194
104.195
104.196
104.198
104.199
104.200
104.201
104.202
104.203
104.206
104.207
104.208
104.209
104.210
104.211
104.212
104.214
104.215
104.216
104.218
104.219
104.220
104.221
104.222
104.223
104.224
104.225
104.226
104.227
104.228
104.232
104.233
104.235
104.236
104.237
104.238
104.239
104.240
104.241
104.243
104.244
104.245
104.246
104.247
104.248
104.249
104.250
104.251
104.252
104.254
104.255
105.15
105.25
105.30
106.192
107.0
107.4
107.6
107.7
107.8
107.16
107.32
107.64
107.128
107.144
107.148
107.149
107.150
107.151
107.152
107.153
107.154
107.155
107.156
107.158
107.160
107.161
107.162
107.164
107.166
107.167
107.168
107.169
107.170
107.171
107.172
107.173
107.174
107.175
107.176
107.178
107.179
107.180
107.181
107.182
107.183
107.184
107.188
107.189
107.190
107.191
107.192
107.224
107.240
107.244
107.246
107.247
107.248
108.0
108.32
108.48
108.56
108.58
108.59
108.60
108.61
108.62
108.64
108.96
108.112
108.120
108.122
108.123
108.124
108.131
108.136
108.144
108.160
108.161
108.162
108.163
108.164
108.166
108.167
108.168
108.169
108.170
108.171
108.174
108.175
108.176
108.178
108.179
108.182
108.184
108.186
108.187
108.188
108.192
109.70
109.71
109.73
109.94
109.95
109.196
109.199
109.205
109.206
109.230
109.231
109.234
109.235
109.236
109.239
110.34
110.234
111.13
113.29
114.31
114.141
115.85
115.124
116.0
116.66
116.204
116.206
117.18
117.51
117.121
118.184
119.27
119.81
119.92
119.252
120.136
121.46
121.50
122.50
122.252
123.253
124.6
124.47
124.108
124.158
125.56
128.0
128.1
128.2
128.4
128.6
128.8
128.12
128.14
128.15
128.17
128.18
128.20
128.23
128.24
128.26
128.29
128.30
128.32
128.36
128.38
128.42
128.44
128.46
128.48
128.52
128.54
128.56
128.64
128.65
128.80
128.84
128.88
128.89
128.90
128.91
128.92
128.95
128.96
128.99
128.101
128.102
128.104
128.107
128.109
128.110
128.112
128.116
128.117
128.118
128.120
128.125
128.126
128.128
128.129
128.132
128.135
128.136
128.138
128.143
128.145
128.146
128.148
128.152
128.160
128.177
128.180
128.186
128.188
128.190
128.192
128.196
128.198
128.200
128.201
128.202
128.205
128.206
128.208
128.212
128.215
128.216
128.224
128.225
128.226
128.228
128.235
128.236
128.241
128.242
128.244
128.246
128.247
128.248
128.251
128.252
129.1
129.2
129.4
129.8
129.10
129.14
129.17
129.19
129.21
129.22
129.24
129.29
129.30
129.32
129.34
129.35
129.36
129.37
129.38
129.40
129.41
129.42
129.43
129.44
129.46
129.48
129.57
129.58
129.61
129.62
129.64
129.66
129.68
129.71
129.72
129.76
129.79
129.80
129.89
129.91
129.92
129.95
129.98
129.101
129.105
129.106
129.108
129.112
129.120
129.123
129.124
129.130
129.133
129.134
129.137
129.138
129.141
129.144
129.145
129.146
129.148
129.149
129.150
129.152
129.155
129.156
129.157
129.158
129.160
129.168
129.170
129.172
129.174
129.176
129.179
129.186
129.188
129.192
129.193
129.196
129.198
129.200
129.207
129.209
129.210
129.212
129.216
129.218
129.220
129.221
129.222
129.223
129.224
129.227
129.228
129.230
129.231
129.235
129.236
129.243
129.244
129.246
129.248
129.250
129.251
129.252
129.253
129.255
130.1
130.2
130.4
130.8
130.13
130.14
130.16
130.27
130.29
130.30
130.33
130.35
130.36
130.38
130.40
130.42
130.44
130.45
130.46
130.48
130.50
130.52
130.55
130.57
130.58
130.64
130.68
130.70
130.72
130.74
130.76
130.80
130.85
130.86
130.90
130.94
130.96
130.97
130.99
130.101
130.103
130.106
130.108
130.114
130.117
130.118
130.121
130.122
130.124
130.126
130.128
130.131
130.132
130.134
130.137
130.150
130.152
130.154
130.156
130.160
130.163
130.164
130.165
130.166
130.168
130.176
130.178
130.181
130.182
130.184
130.185
130.187
130.189
130.191
130.196
130.198
130.199
130.200
130.205
130.207
130.210
130.211
130.212
130.214
130.215
130.218
130.221
130.222
130.224
130.245
130.247
130.248
130.249
130.250
130.252
130.254
131.2
131.4
131.8
131.16
131.32
131.40
131.44
131.46
131.47
131.48
131.64
131.72
131.73
131.74
131.76
131.80
131.96
131.98
131.100
131.101
131.103
131.105
131.106
131.108
131.109
131.110
131.118
131.120
131.128
131.131
131.142
131.144
131.146
131.148
131.153
131.156
131.158
131.167
131.168
131.171
131.176
131.179
131.182
131.184
131.186
131.189
131.190
131.192
131.194
131.196
131.197
131.198
131.200
131.204
131.208
131.210
131.212
131.214
131.216
131.218
131.222
131.225
131.226
131.228
131.229
131.230
131.233
131.238
131.240
131.243
131.247
131.249
131.250
131.252
131.253
132.0
132.79
132.80
132.96
132.128
132.129
132.130
132.132
132.136
132.144
132.145
132.147
132.148
132.151
132.152
132.158
132.160
132.170
132.172
132.174
132.175
132.177
132.178
132.183
132.188
132.189
132.190
132.192
132.194
132.197
132.198
132.200
132.223
132.224
132.228
132.233
132.235
132.236
132.237
132.238
132.240
132.244
132.245
132.249
132.250
132.253
132.255
133.130
134.0
134.4
134.6
134.8
134.16
134.20
134.23
134.24
134.26
134.29
134.32
134.38
134.39
134.40
134.42
134.43
134.44
134.46
134.48
134.52
134.55
134.56
134.62
134.64
134.68
134.70
134.71
134.72
134.74
134.77
134.78
134.80
134.82
134.84
134.86
134.88
134.90
134.111
134.112
134.114
134.116
134.118
134.120
134.122
134.123
134.124
134.128
134.129
134.131
134.132
134.133
134.134
134.136
134.139
134.140
134.149
134.150
134.152
134.154
134.156
134.159
134.161
134.162
134.164
134.168
134.170
134.172
134.174
134.177
134.179
134.181
134.182
134.185
134.186
134.189
134.192
134.194
134.197
134.198
134.200
134.204
134.207
134.209
134.210
134.215
134.216
134.217
134.218
134.223
134.224
134.228
134.232
134.238
134.240
134.244
134.248
134.250
134.252
134.254
134.255
135.1
135.2
135.4
135.8
135.10
135.11
135.12
135.13
135.14
135.15
135.16
135.18
135.20
135.22
135.24
135.26
135.27
135.28
135.32
135.64
135.80
135.84
135.85
135.86
135.87
135.88
135.96
135.128
135.144
135.148
135.150
135.152
135.160
135.176
135.180
135.182
135.184
135.192
135.197
135.198
135.200
135.208
135.224
135.240
135.244
135.245
135.246
135.248
136.0
136.1
136.2
136.4
136.8
136.9
136.10
136.12
136.16
136.20
136.22
136.23
136.24
136.32
136.64
136.128
136.136
136.140
136.142
136.143
136.144
136.146
136.147
136.149
136.150
136.152
136.157
136.160
136.162
136.165
136.166
136.168
136.171
136.174
136.176
136.184
136.188
136.192
136.196
136.200
136.202
136.204
136.207
136.208
136.224
136.226
136.228
136.229
136.234
136.237
136.239
136.240
136.242
136.244
136.245
136.246
136.248
136.252
136.253
136.254
137.0
137.8
137.12
137.14
137.16
137.18
137.20
137.24
137.32
137.36
137.41
137.42
137.45
137.46
137.48
137.51
137.52
137.54
137.57
137.65
137.66
137.69
137.70
137.71
137.72
137.75
137.77
137.78
137.80
137.83
137.84
137.88
137.95
137.99
137.100
137.102
137.104
137.106
137.110
137.112
137.114
137.116
137.117
137.118
137.123
137.124
137.128
137.130
137.134
137.135
137.136
137.139
137.140
137.144
137.146
137.148
137.150
137.152
137.155
137.159
137.160
137.162
137.164
137.167
137.168
137.170
137.173
137.175
137.176
137.184
137.187
137.188
137.190
137.192
137.197
137.198
137.200
137.206
137.209
137.210
137.212
137.216
137.220
137.221
137.225
137.227
137.228
137.232
137.237
137.238
137.240
137.249
137.252
137.254
138.0
138.1
138.2
138.5
138.8
138.12
138.15
138.16
138.18
138.20
138.23
138.26
138.28
138.31
138.32
138.33
138.34
138.35
138.36
138.39
138.42
138.43
138.45
138.46
138.49
138.50
138.52
138.56
138.58
138.59
138.60
138.64
138.65
138.67
138.68
138.69
138.72
138.74
138.76
138.78
138.83
138.84
138.88
138.90
138.91
138.92
138.94
138.95
138.98
138.99
138.103
138.105
138.108
138.109
138.110
138.112
138.116
138.117
138.120
138.122
138.123
138.125
138.126
138.128
138.129
138.133
138.135
138.136
138.144
138.160
138.176
138.180
138.181
138.182
138.184
138.186
138.192
138.196
138.197
138.202
138.204
138.207
138.208
138.210
138.219
138.220
138.226
138.229
138.230
138.234
138.236
138.238
138.239
138.240
138.242
138.247
138.254
138.255
139.5
139.28
139.31
139.32
139.40
139.44
139.45
139.46
139.49
139.51
139.52
139.55
139.56
139.60
139.61
139.62
139.65
139.66
139.67
139.68
139.70
139.71
139.72
139.76
139.78
139.81
139.84
139.87
139.88
139.93
139.94
139.102
139.104
139.121
139.125
139.126
139.131
139.135
139.136
139.138
139.139
139.140
139.144
139.146
139.151
139.161
139.169
139.171
139.172
139.177
139.178
139.180
139.181
139.182
139.185
139.187
139.225
139.229
139.231
139.232
139.240
139.248
139.252
139.254
140.1
140.2
140.4
140.8
140.16
140.32
140.64
140.72
140.74
140.76
140.82
140.84
140.87
140.88
140.90
140.91
140.95
140.98
140.100
140.101
140.102
140.104
140.106
140.108
140.139
140.140
140.142
140.144
140.152
140.156
140.158
140.160
140.162
140.165
140.169
140.170
140.172
140.176
140.178
140.180
140.182
140.185
140.186
140.188
140.190
140.192
140.194
140.196
140.201
140.202
140.204
140.208
140.211
140.212
140.214
140.216
140.225
140.226
140.228
140.231
140.232
140.234
140.236
140.238
140.239
140.241
140.242
140.244
140.247
140.248
140.251
140.252
140.254
141.0
141.8
141.86
141.95
141.98
141.101
141.102
141.104
141.106
141.110
141.112
141.113
141.114
141.116
141.121
141.123
141.124
141.125
141.126
141.127
141.128
141.131
141.133
141.136
141.139
141.140
141.142
141.146
141.149
141.150
141.152
141.160
141.161
141.162
141.164
141.165
141.166
141.173
141.174
141.177
141.180
141.184
141.186
141.188
141.189
141.190
141.193
141.195
141.197
141.198
141.202
141.204
141.206
141.207
141.209
141.210
141.212
141.216
141.220
141.222
141.224
141.226
141.227
141.230
141.232
141.236
141.238
141.240
141.242
141.246
141.248
141.251
141.254
142.0
142.4
142.11
142.44
142.54
142.65
142.75
142.77
142.79
142.91
142.93
142.105
142.111
142.129
142.131
142.136
142.147
142.148
142.154
142.190
142.192
142.196
142.205
142.234
142.250
142.252
142.254
142.255
143.0
143.1
143.2
143.4
143.8
143.16
143.24
143.26
143.27
143.28
143.29
143.30
143.32
143.34
143.35
143.36
143.38
143.39
143.40
143.42
143.44
143.46
143.48
143.55
143.56
143.58
143.59
143.60
143.66
143.68
143.72
143.80
143.88
143.91
143.95
143.98
143.100
143.104
143.109
143.110
143.112
143.116
143.120
143.122
143.124
143.127
143.131
143.132
143.138
143.140
143.144
143.152
143.156
143.158
143.162
143.165
143.166
143.168
143.170
143.172
143.175
143.181
143.182
143.184
143.186
143.187
143.190
143.191
143.192
143.193
143.194
143.197
143.198
143.200
143.203
143.204
143.206
143.209
143.211
143.212
143.219
143.220
143.222
143.223
143.226
143.228
143.232
143.235
143.236
143.240
143.244
143.246
143.249
143.250
143.253
143.254
143.255
144.2
144.3
144.5
144.8
144.13
144.14
144.15
144.17
144.18
144.25
144.26
144.28
144.33
144.34
144.36
144.37
144.38
144.40
144.42
144.45
144.46
144.48
144.49
144.50
144.57
144.58
144.60
144.62
144.67
144.68
144.72
144.77
144.78
144.80
144.83
144.86
144.88
144.90
144.91
144.92
144.94
144.95
144.96
144.99
144.100
144.104
144.108
144.111
144.112
144.116
144.118
144.121
144.125
144.126
144.128
144.130
144.141
144.142
144.144
144.146
144.148
144.152
144.160
144.166
144.168
144.169
144.170
144.172
144.174
144.177
144.178
144.182
144.184
144.186
144.187
144.188
144.192
144.195
144.196
144.198
144.201
144.202
144.207
144.208
144.210
144.211
144.212
144.215
144.216
144.217
144.219
144.220
144.222
144.223
144.224
144.228
144.229
144.230
144.232
144.240
144.242
144.243
144.244
144.249
144.250
144.252
145.1
145.14
145.34
145.36
145.246
145.249
146.1
146.5
146.6
146.8
146.10
146.12
146.16
146.18
146.20
146.22
146.23
146.24
146.32
146.49
146.53
146.54
146.57
146.61
146.63
146.65
146.66
146.68
146.71
146.73
146.74
146.76
146.78
146.82
146.84
146.86
146.88
146.89
146.91
146.92
146.96
146.98
146.111
146.112
146.113
146.114
146.121
146.122
146.123
146.125
146.126
146.128
146.130
146.132
146.135
146.137
146.138
146.142
146.145
146.146
146.148
146.149
146.150
146.152
146.154
146.156
146.163
146.165
146.166
146.168
146.170
146.174
146.180
146.183
146.184
146.185
146.186
146.189
146.190
146.196
146.197
146.199
146.201
146.202
146.203
146.204
146.208
146.214
146.217
146.218
146.222
146.225
146.229
146.233
146.235
146.236
146.240
146.242
146.243
146.244
146.246
146.250
146.252
146.255
147.0
147.1
147.2
147.4
147.9
147.11
147.15
147.16
147.24
147.26
147.28
147.31
147.34
147.36
147.40
147.42
147.48
147.51
147.53
147.55
147.56
147.61
147.62
147.64
147.70
147.72
147.74
147.75
147.78
147.79
147.80
147.85
147.90
147.92
147.97
147.101
147.103
147.104
147.108
147.113
147.115
147.116
147.118
147.120
147.124
147.126
147.128
147.133
147.134
147.135
147.136
147.138
147.140
147.144
147.146
147.153
147.154
147.155
147.159
147.160
147.161
147.164
147.166
147.168
147.170
147.174
147.177
147.178
147.182
147.183
147.185
147.187
147.190
147.195
147.198
147.202
147.203
147.205
147.206
147.208
147.216
147.221
147.222
147.224
147.238
147.240
147.242
147.243
147.244
147.248
147.253
147.254
148.1
148.4
148.8
148.16
148.32
148.48
148.52
148.55
148.57
148.58
148.59
148.61
148.62
148.64
148.65
148.66
148.72
148.73
148.74
148.76
148.77
148.78
148.80
148.84
148.89
148.90
148.92
148.96
148.100
148.104
148.106
148.107
148.108
148.112
148.116
148.124
148.128
148.132
148.134
148.137
148.139
148.141
148.142
148.144
148.146
148.149
148.150
148.152
148.162
148.163
148.164
148.168
148.170
148.171
148.172
148.173
148.174
148.177
148.178
148.180
148.183
148.184
148.186
148.188
148.189
148.190
148.192
148.194
148.199
148.253
148.254
149.1
149.2
149.4
149.5
149.6
149.7
149.8
149.9
149.10
149.11
149.12
149.13
149.14
149.15
149.16
149.18
149.19
149.20
149.21
149.22
149.23
149.24
149.25
149.26
149.28
149.29
149.30
149.32
149.34
149.36
149.37
149.38
149.40
149.48
149.51
149.52
149.55
149.56
149.57
149.58
149.60
149.62
149.63
149.64
149.66
149.67
149.68
149.70
149.71
149.72
149.76
149.78
149.79
149.80
149.84
149.86
149.87
149.89
149.91
149.92
149.96
149.97
149.98
149.100
149.101
149.102
149.103
149.104
149.106
149.107
149.108
149.110
149.111
149.112
149.113
149.114
149.115
149.116
149.117
149.118
149.120
149.124
149.126
149.127
149.128
149.130
149.136
149.138
149.141
149.142
149.145
149.149
149.150
149.152
149.154
149.158
149.160
149.164
149.166
149.168
149.173
149.174
149.198
149.199
149.234
149.248
149.252
149.255
150.102
150.104
150.107
150.108
150.110
150.112
150.114
150.118
150.120
150.123
150.124
150.126
150.127
150.130
150.131
150.133
150.134
150.136
150.141
150.142
150.144
150.148
150.152
150.156
150.159
150.160
150.166
150.168
150.172
150.174
150.176
150.179
150.180
150.182
150.184
150.190
150.192
150.196
150.198
150.200
150.202
150.208
150.212
150.215
150.216
150.218
150.220
150.222
150.224
150.226
150.228
150.230
150.232
150.238
150.240
150.242
150.243
150.245
150.247
150.248
150.250
150.251
150.252
151.101
151.102
151.104
151.106
151.107
151.108
151.112
151.114
151.116
151.121
151.122
151.124
151.126
151.128
151.131
151.132
151.134
151.137
151.138
151.140
151.144
151.147
151.148
151.152
151.159
151.160
151.164
151.165
151.166
151.168
151.171
151.174
151.179
151.181
151.185
151.186
151.188
151.190
151.193
151.194
151.196
151.200
151.208
151.210
151.213
151.214
151.224
151.236
151.248
152.1
152.2
152.4
152.8
152.16
152.32
152.33
152.34
152.36
152.40
152.48
152.53
152.54
152.60
152.62
152.63
152.64
152.65
152.67
152.68
152.70
152.72
152.75
152.79
152.80
152.82
152.85
152.86
152.89
152.97
152.100
152.108
152.113
152.116
152.119
152.120
152.128
152.130
152.131
152.132
152.135
152.137
152.138
152.140
152.142
152.144
152.146
152.148
152.151
152.154
152.157
152.158
152.160
152.164
152.176
152.192
152.194
152.195
152.196
152.198
152.199
152.208
152.224
152.227
152.228
153.2
153.4
153.6
153.8
153.12
153.13
153.14
153.16
153.18
153.21
153.22
153.24
153.32
153.38
153.40
153.41
153.42
153.45
153.46
153.47
153.48
153.64
153.80
153.89
153.90
153.92
153.102
153.104
153.106
153.112
153.113
153.114
153.116
154.1
154.2
154.3
154.4
154.6
154.9
154.12
154.13
154.16
154.17
154.18
154.19
154.21
154.22
154.24
154.25
154.26
154.28
154.35
154.36
154.37
154.38
154.39
154.40
154.41
154.42
154.43
154.44
154.45
154.46
154.47
154.48
154.49
154.50
154.51
154.52
154.53
154.54
154.55
154.56
154.57
154.58
154.59
154.60
154.61
154.62
154.63
154.64
154.73
154.81
154.82
154.83
154.84
154.85
154.86
154.87
154.88
154.90
154.91
154.93
154.94
154.95
154.127
154.195
154.198
154.201
154.202
154.205
154.208
154.209
154.212
154.214
154.215
154.217
154.219
154.221
154.223
155.1
155.2
155.5
155.6
155.8
155.13
155.14
155.16
155.33
155.34
155.35
155.36
155.40
155.44
155.46
155.48
155.52
155.57
155.58
155.61
155.63
155.64
155.67
155.68
155.70
155.72
155.74
155.76
155.80
155.81
155.82
155.84
155.88
155.90
155.91
155.92
155.94
155.95
155.96
155.104
155.106
155.108
155.112
155.120
155.124
155.126
155.127
155.128
155.130
155.133
155.134
155.138
155.139
155.141
155.142
155.146
155.148
155.152
155.156
155.159
155.161
155.162
155.164
155.168
155.176
155.184
155.186
155.188
155.191
155.195
155.197
155.199
155.200
155.203
155.206
155.208
155.212
155.216
155.220
155.222
155.224
155.226
155.229
155.235
155.241
155.242
155.244
155.246
155.248
155.252
155.254
156.0
156.1
156.2
156.4
156.9
156.12
156.15
156.19
156.20
156.21
156.23
156.24
156.26
156.29
156.30
156.32
156.36
156.37
156.39
156.40
156.42
156.45
156.46
156.53
156.55
156.56
156.60
156.63
156.64
156.66
156.67
156.68
156.70
156.71
156.72
156.80
156.82
156.84
156.88
156.96
156.98
156.100
156.104
156.107
156.108
156.109
156.110
156.112
156.117
156.119
156.120
156.121
156.122
156.124
156.128
156.132
156.134
156.136
156.137
156.138
156.140
156.144
156.146
156.151
156.152
156.154
156.229
156.232
156.233
156.235
156.236
156.237
156.238
156.239
156.242
156.243
156.247
156.249
156.252
157.21
157.22
157.30
157.52
157.53
157.54
157.55
157.56
157.57
157.58
157.60
157.62
157.87
157.89
157.90
157.93
157.95
157.97
157.98
157.119
157.121
157.123
157.126
157.130
157.131
157.132
157.133
157.134
157.137
157.139
157.141
157.142
157.145
157.146
157.149
157.150
157.152
157.154
157.160
157.165
157.166
157.170
157.174
157.176
157.178
157.182
157.184
157.185
157.187
157.188
157.191
157.194
157.196
157.198
157.201
157.202
157.204
157.206
157.207
157.208
157.210
157.212
157.216
157.224
157.226
157.229
157.230
157.232
157.234
157.235
157.238
157.239
157.240
157.242
157.245
157.246
157.248
157.250
157.251
157.252
157.254
158.0
158.16
158.24
158.26
158.27
158.28
158.29
158.30
158.32
158.34
158.35
158.46
158.48
158.50
158.52
158.55
158.56
158.59
158.61
158.62
158.65
158.68
158.69
158.70
158.72
158.74
158.76
158.80
158.84
158.85
158.86
158.88
158.91
158.93
158.95
158.96
158.98
158.100
158.101
158.103
158.104
158.106
158.107
158.111
158.113
158.114
158.115
158.116
158.117
158.118
158.120
158.130
158.134
158.136
158.140
158.142
158.145
158.146
158.147
158.151
158.153
158.154
158.157
158.159
158.164
158.171
158.175
158.176
158.177
158.178
158.183
158.184
158.188
158.219
158.221
158.222
158.224
158.228
158.229
158.235
158.236
158.240
158.252
158.254
158.255
159.1
159.2
159.3
159.4
159.9
159.10
159.11
159.14
159.17
159.19
159.21
159.23
159.24
159.26
159.28
159.35
159.36
159.39
159.40
159.44
159.45
159.47
159.48
159.53
159.54
159.56
159.59
159.61
159.62
159.63
159.64
159.65
159.66
159.68
159.70
159.74
159.76
159.82
159.85
159.87
159.88
159.89
159.91
159.94
159.96
159.100
159.101
159.102
159.104
159.106
159.108
159.110
159.112
159.115
159.116
159.117
159.118
159.120
159.122
159.123
159.124
159.129
159.131
159.132
159.135
159.136
159.137
159.139
159.140
159.145
159.150
159.151
159.153
159.155
159.157
159.158
159.161
159.163
159.164
159.166
159.169
159.172
159.174
159.176
159.178
159.180
159.181
159.182
159.183
159.184
159.188
159.191
159.197
159.198
159.201
159.202
159.203
159.204
159.209
159.212
159.214
159.215
159.218
159.220
159.221
159.222
159.225
159.227
159.229
159.230
159.233
159.234
159.238
159.240
159.242
159.243
159.245
159.246
159.249
159.250
159.251
159.252
159.253
160.1
160.2
160.7
160.10
160.19
160.20
160.31
160.32
160.33
160.34
160.35
160.36
160.39
160.41
160.42
160.62
160.65
160.69
160.72
160.76
160.79
160.81
160.82
160.83
160.84
160.87
160.88
160.91
160.93
160.94
160.101
160.102
160.107
160.108
160.112
160.116
160.119
160.121
160.125
160.126
160.128
160.144
160.153
160.184
160.202
160.205
160.206
160.207
160.208
160.212
160.227
160.229
160.230
160.231
160.232
160.238
160.253
160.254
160.255
161.0
161.1
161.6
161.8
161.11
161.13
161.14
161.16
161.21
161.26
161.28
161.30
161.31
161.32
161.35
161.36
161.38
161.39
161.40
161.44
161.49
161.51
161.55
161.57
161.58
161.60
161.63
161.68
161.69
161.71
161.77
161.80
161.82
161.84
161.97
161.98
161.100
161.107
161.108
161.109
161.113
161.114
161.115
161.119
161.120
161.123
161.124
161.127
161.128
161.129
161.130
161.133
161.134
161.136
161.144
161.149
161.150
161.151
161.153
161.154
161.156
161.157
161.159
161.160
161.162
161.163
161.164
161.168
161.172
161.174
161.175
161.176
161.185
161.186
161.188
161.191
161.192
161.194
161.195
161.197
161.198
161.199
161.201
161.202
161.203
161.204
161.206
161.208
161.213
161.214
161.217
161.219
161.220
161.224
161.228
161.231
161.232
161.235
161.236
161.239
161.240
161.244
161.247
161.249
161.250
161.253
161.254
162.1
162.2
162.5
162.6
162.8
162.10
162.12
162.14
162.15
162.16
162.18
162.19
162.20
162.22
162.24
162.27
162.28
162.32
162.36
162.39
162.40
162.44
162.45
162.46
162.48
162.52
162.54
162.57
162.58
162.60
162.63
162.64
162.68
162.71
162.72
162.74
162.76
162.80
162.84
162.86
162.87
162.88
162.89
162.90
162.91
162.92
162.96
162.97
162.98
162.100
162.104
162.107
162.108
162.113
162.114
162.116
162.117
162.118
162.120
162.123
162.124
162.125
162.126
162.128
162.136
162.138
162.140
162.142
162.143
162.144
162.148
162.152
162.158
162.160
162.192
162.208
162.209
162.210
162.211
162.212
162.213
162.214
162.216
162.217
162.218
162.219
162.220
162.221
162.222
162.223
162.224
162.240
162.244
162.245
162.246
162.247
162.248
162.249
162.250
162.251
162.252
162.253
162.254
162.255
163.2
163.4
163.6
163.11
163.12
163.33
163.35
163.36
163.40
163.44
163.47
163.102
163.114
163.116
163.118
163.120
163.123
163.124
163.126
163.129
163.150
163.153
163.154
163.171
163.176
163.181
163.182
163.183
163.184
163.185
163.186
163.188
163.190
163.192
163.194
163.197
163.198
163.205
163.206
163.230
163.234
163.236
163.238
163.240
163.244
163.245
163.246
163.248
163.251
163.252
163.254
164.3
164.44
164.47
164.49
164.50
164.52
164.54
164.56
164.58
164.62
164.64
164.68
164.72
164.74
164.76
164.79
164.82
164.84
164.86
164.89
164.90
164.91
164.92
164.93
164.94
164.99
164.101
164.103
164.104
164.109
164.110
164.113
164.114
164.116
164.120
164.144
164.145
164.152
164.153
164.154
164.155
164.156
164.163
164.165
164.167
164.168
164.176
164.179
164.180
164.184
164.192
164.208
164.212
164.214
164.216
164.224
165.1
165.2
165.6
165.13
165.19
165.20
165.22
165.23
165.24
165.25
165.26
165.28
165.30
165.32
165.40
165.44
165.48
165.53
165.64
165.66
165.68
165.70
165.73
165.74
165.77
165.79
165.80
165.84
165.85
165.87
165.88
165.91
165.92
165.94
165.97
165.103
165.104
165.109
165.110
165.112
165.116
165.119
165.121
165.122
165.124
165.125
165.126
165.128
165.129
165.130
165.134
165.136
165.150
165.152
165.155
165.156
165.157
165.158
165.160
165.164
165.166
165.168
165.170
165.172
165.173
165.174
165.176
165.179
165.180
165.181
165.184
165.188
165.190
165.192
165.193
165.195
165.196
165.197
165.198
165.200
165.203
165.204
165.206
165.208
165.212
165.214
165.215
165.216
165.221
165.223
165.224
165.225
165.226
165.227
165.230
165.231
165.232
165.234
165.236
165.245
165.247
165.248
165.252
165.254
166.0
166.8
166.16
166.32
166.49
166.50
166.52
166.56
166.60
166.62
166.63
166.66
166.68
166.72
166.74
166.76
166.78
166.80
166.82
166.84
166.86
166.88
166.89
166.90
166.92
166.93
166.94
166.96
166.101
166.102
166.105
166.107
166.108
166.112
166.115
166.116
166.122
166.124
166.126
166.128
166.160
166.176
166.178
166.179
166.180
166.184
166.192
166.208
166.210
166.211
166.212
166.216
166.224
167.1
167.2
167.4
167.8
167.9
167.10
167.12
167.16
167.18
167.20
167.24
167.29
167.31
167.64
167.65
167.66
167.68
167.70
167.71
167.72
167.75
167.76
167.80
167.82
167.83
167.84
167.86
167.88
167.89
167.90
167.93
167.94
167.96
167.99
167.100
167.101
167.102
167.104
167.106
167.109
167.110
167.112
167.114
167.115
167.117
167.118
167.120
167.122
167.124
167.127
167.128
167.131
167.132
167.135
167.136
167.138
167.140
167.144
167.146
167.148
167.152
167.156
167.158
167.160
167.161
167.163
167.164
167.170
167.172
167.173
167.174
167.176
167.178
167.179
167.180
167.184
167.188
167.190
167.191
167.192
167.200
167.202
167.204
167.206
167.208
167.216
167.217
167.218
167.219
167.220
167.221
167.222
167.224
167.226
167.228
167.232
167.234
167.236
167.237
167.238
167.240
167.244
167.246
167.247
167.248
167.250
167.251
167.253
167.254
168.0
168.1
168.2
168.4
168.8
168.16
168.32
168.48
168.50
168.51
168.52
168.56
168.60
168.61
168.62
168.63
168.64
168.65
168.66
168.68
168.71
168.72
168.80
168.81
168.82
168.84
168.86
168.87
168.88
168.90
168.91
168.92
168.94
168.95
168.97
168.98
168.99
168.100
168.102
168.104
168.107
168.108
168.112
168.114
168.116
168.118
168.122
168.124
168.127
168.128
168.129
168.133
168.135
168.136
168.138
168.141
168.143
168.145
168.146
168.148
168.149
168.150
168.151
168.153
168.156
168.158
168.159
168.161
168.162
168.166
168.168
168.169
168.170
168.173
168.174
168.175
168.177
168.178
168.180
168.181
168.182
168.183
168.184
168.189
168.190
168.192
168.193
168.196
168.197
168.199
168.200
168.203
168.204
168.205
168.206
168.207
168.208
168.212
168.216
168.218
168.220
168.224
168.225
168.227
168.228
168.229
168.230
168.233
168.235
168.236
168.240
168.242
168.244
168.245
168.246
168.250
168.252
168.254
169.1
169.2
169.4
169.8
169.16
169.38
169.39
169.40
169.44
169.45
169.46
169.47
169.48
169.50
169.51
169.53
169.54
169.55
169.56
169.58
169.60
169.61
169.62
169.63
169.64
169.128
169.129
169.130
169.132
169.136
169.139
169.141
169.142
169.143
169.144
169.145
169.146
169.148
169.150
169.152
169.156
169.160
169.192
169.196
169.197
169.198
169.200
169.203
169.204
169.224
169.232
169.236
169.238
169.240
169.248
169.252
170.0
170.1
170.2
170.4
170.8
170.10
170.11
170.12
170.13
170.14
170.16
170.17
170.19
170.20
170.24
170.26
170.28
170.32
170.33
170.34
170.36
170.37
170.40
170.48
170.49
170.50
170.52
170.53
170.54
170.55
170.56
170.61
170.62
170.64
170.65
170.67
170.68
170.71
170.72
170.74
170.75
170.76
170.77
170.81
170.82
170.83
170.84
170.85
170.86
170.87
170.88
170.92
170.94
170.96
170.100
170.101
170.102
170.103
170.104
170.106
170.107
170.108
170.112
170.128
170.130
170.131
170.132
170.133
170.134
170.136
170.137
170.138
170.140
170.144
170.146
170.147
170.148
170.149
170.151
170.152
170.154
170.156
170.158
170.160
170.162
170.163
170.164
170.166
170.167
170.168
170.170
170.172
170.174
170.176
170.178
170.180
170.184
170.192
170.194
170.195
170.196
170.198
170.199
170.200
170.201
170.202
170.203
170.204
170.205
170.206
170.208
170.211
170.212
170.216
170.224
170.228
170.230
170.231
170.232
170.234
170.240
170.242
170.243
170.244
170.245
170.246
170.248
170.249
170.250
170.251
170.252
170.253
170.254
171.18
171.20
171.22
171.64
171.72
171.128
171.144
171.152
171.156
171.158
171.159
171.160
171.168
171.169
171.170
171.172
171.176
171.192
171.193
171.194
171.196
171.200
171.204
171.206
172.0
172.32
172.64
172.68
172.69
172.70
172.72
172.80
172.81
172.82
172.83
172.84
172.85
172.86
172.87
172.88
172.92
172.93
172.94
172.95
172.96
172.97
172.98
172.99
172.100
172.102
172.103
172.104
172.105
172.106
172.107
172.108
172.110
172.111
172.112
172.120
172.124
172.128
172.136
172.138
172.139
172.140
172.144
172.146
172.147
172.148
172.153
172.154
172.156
172.160
172.162
172.163
172.164
172.165
172.166
172.168
172.172
172.175
172.190
172.205
172.217
172.220
172.224
172.240
172.241
172.242
172.244
172.245
172.246
172.247
172.248
172.252
172.253
172.254
172.255
173.0
173.1
173.2
173.4
173.8
173.16
173.36
173.38
173.39
173.40
173.44
173.45
173.46
173.47
173.48
173.64
173.96
173.112
173.114
173.115
173.116
173.120
173.128
173.160
173.184
173.192
173.193
173.194
173.195
173.196
173.198
173.199
173.200
173.202
173.203
173.204
173.205
173.207
173.208
173.209
173.210
173.211
173.212
173.213
173.214
173.215
173.216
173.220
173.222
173.223
173.224
173.225
173.226
173.228
173.229
173.230
173.231
173.232
173.233
173.234
173.235
173.236
173.237
173.239
173.240
173.241
173.242
173.243
173.244
173.245
173.246
173.247
173.248
173.249
173.250
173.251
173.252
173.253
173.254
173.255
174.8
174.16
174.32
174.34
174.35
174.36
174.40
174.48
174.64
174.80
174.96
174.120
174.124
174.126
174.127
174.128
174.132
174.133
174.134
174.136
174.137
174.138
174.139
174.140
174.141
174.143
174.144
174.160
174.192
174.208
174.212
174.214
174.215
174.216
174.224
175.100
176.9
176.32
176.53
176.111
176.113
176.115
176.119
176.120
176.122
176.125
176.126
176.223
176.227
177.38
177.58
177.124
177.234
178.3
178.17
178.18
178.22
178.57
178.128
178.157
178.159
178.170
178.212
178.215
178.218
178.236
178.238
178.239
178.248
178.255
179.43
179.60
179.61
179.191
180.87
180.149
180.178
180.211
180.235
180.240
181.41
181.177
181.214
181.215
181.224
182.50
182.54
184.0
184.16
184.20
184.23
184.24
184.25
184.26
184.27
184.28
184.29
184.30
184.31
184.32
184.48
184.50
184.51
184.52
184.56
184.72
184.74
184.75
184.76
184.80
184.83
184.84
184.85
184.86
184.87
184.88
184.92
184.94
184.95
184.96
184.104
184.105
184.106
184.107
184.108
184.112
184.128
184.152
184.154
184.155
184.156
184.164
184.165
184.166
184.168
184.169
184.170
184.171
184.172
184.174
184.175
184.176
184.192
184.208
184.213
184.214
184.216
184.224
185.2
185.3
185.5
185.7
185.11
185.12
185.16
185.18
185.20
185.21
185.22
185.24
185.25
185.26
185.27
185.28
185.30
185.31
185.32
185.33
185.34
185.35
185.37
185.38
185.43
185.44
185.46
185.47
185.48
185.51
185.52
185.53
185.54
185.55
185.56
185.57
185.59
185.61
185.62
185.64
185.66
185.67
185.68
185.69
185.71
185.72
185.73
185.74
185.77
185.78
185.79
185.81
185.82
185.83
185.84
185.85
185.87
185.88
185.89
185.90
185.91
185.92
185.93
185.94
185.95
185.97
185.99
185.100
185.101
185.102
185.103
185.105
185.106
185.109
185.111
185.112
185.114
185.115
185.116
185.117
185.118
185.119
185.120
185.121
185.122
185.125
185.129
185.130
185.132
185.133
185.134
185.135
185.136
185.137
185.139
185.140
185.141
185.142
185.143
185.144
185.145
185.146
185.147
185.148
185.149
185.150
185.151
185.152
185.153
185.154
185.155
185.156
185.158
185.159
185.160
185.161
185.162
185.163
185.164
185.165
185.166
185.168
185.169
185.170
185.171
185.172
185.173
185.174
185.175
185.176
185.177
185.178
185.179
185.180
185.182
185.183
185.184
185.185
185.186
185.187
185.188
185.189
185.190
185.191
185.192
185.193
185.194
185.195
185.196
185.197
185.198
185.199
185.200
185.201
185.202
185.203
185.204
185.205
185.206
185.207
185.208
185.209
185.210
185.211
185.212
185.213
185.214
185.215
185.216
185.217
185.218
185.219
185.220
185.221
185.222
185.223
185.224
185.225
185.226
185.227
185.228
185.229
185.230
185.231
185.232
185.233
185.234
185.235
185.236
185.237
185.238
185.239
185.240
185.241
185.242
185.243
185.244
185.245
185.246
185.247
185.248
185.249
185.250
185.251
185.252
185.253
185.254
185.255
186.65
186.179
186.233
186.250
187.72
187.243
188.18
188.42
188.114
188.119
188.172
188.208
188.212
188.213
188.214
188.215
188.227
188.240
188.244
188.247
189.192
189.196
190.4
190.61
190.90
190.93
190.99
190.102
190.103
190.112
190.113
190.123
190.124
190.185
191.75
191.96
191.97
191.101
191.102
191.232
191.233
191.234
191.235
191.236
191.237
191.238
191.239
191.255
192.0
192.1
192.2
192.3
192.4
192.5
192.6
192.7
192.8
192.9
192.10
192.11
192.12
192.13
192.14
192.15
192.16
192.17
192.18
192.19
192.20
192.21
192.22
192.23
192.24
192.25
192.26
192.27
192.28
192.29
192.30
192.31
192.32
192.33
192.34
192.35
192.36
192.39
192.40
192.41
192.42
192.43
192.44
192.45
192.46
192.47
192.48
192.51
192.52
192.53
192.54
192.55
192.56
192.57
192.58
192.59
192.60
192.64
192.65
192.67
192.68
192.69
192.70
192.71
192.72
192.73
192.74
192.75
192.76
192.77
192.78
192.79
192.80
192.81
192.82
192.83
192.84
192.85
192.86
192.88
192.90
192.91
192.92
192.93
192.94
192.95
192.96
192.97
192.99
192.100
192.101
192.102
192.103
192.104
192.105
192.107
192.108
192.109
192.110
192.111
192.112
192.118
192.119
192.120
192.121
192.122
192.123
192.124
192.125
192.126
192.127
192.128
192.129
192.131
192.132
192.133
192.135
192.136
192.137
192.138
192.139
192.140
192.144
192.145
192.146
192.147
192.148
192.149
192.150
192.151
192.152
192.153
192.154
192.155
192.156
192.157
192.158
192.159
192.160
192.161
192.162
192.163
192.165
192.166
192.169
192.170
192.171
192.172
192.173
192.174
192.175
192.177
192.178
192.180
192.184
192.185
192.186
192.187
192.188
192.189
192.190
192.191
192.193
192.195
192.196
192.197
192.198
192.199
192.200
192.201
192.202
192.203
192.204
192.206
192.207
192.208
192.209
192.210
192.211
192.212
192.213
192.214
192.215
192.216
192.219
192.220
192.221
192.222
192.223
192.224
192.225
192.226
192.227
192.228
192.229
192.230
192.231
192.232
192.233
192.234
192.235
192.236
192.237
192.238
192.239
192.240
192.241
192.242
192.243
192.245
192.246
192.247
192.248
192.249
192.250
192.251
192.252
192.253
192.254
192.255
193.0
193.5
193.8
193.9
193.16
193.17
193.18
193.19
193.22
193.23
193.24
193.25
193.26
193.27
193.28
193.29
193.30
193.31
193.32
193.34
193.36
193.37
193.38
193.39
193.41
193.42
193.43
193.46
193.47
193.56
193.57
193.58
193.67
193.84
193.104
193.105
193.108
193.110
193.117
193.122
193.127
193.134
193.135
193.142
193.148
193.149
193.160
193.162
193.164
193.168
193.176
193.178
193.181
193.182
193.183
193.187
193.189
193.200
193.201
193.202
193.203
193.220
193.221
193.222
193.223
193.227
193.228
193.234
193.235
193.239
193.240
194.1
194.4
194.5
194.9
194.11
194.14
194.15
194.26
194.28
194.31
194.32
194.33
194.34
194.35
194.36
194.38
194.41
194.42
194.45
194.48
194.49
194.50
194.53
194.55
194.56
194.59
194.61
194.62
194.68
194.69
194.71
194.74
194.76
194.87
194.88
194.93
194.99
194.103
194.104
194.110
194.113
194.114
194.117
194.119
194.121
194.124
194.126
194.127
194.132
194.133
194.146
194.147
194.150
194.156
194.178
194.180
194.187
194.191
194.205
194.242
195.2
195.7
195.12
195.21
195.38
195.42
195.62
195.66
195.78
195.80
195.81
195.82
195.88
195.90
195.93
195.112
195.114
195.122
195.123
195.128
195.133
195.134
195.137
195.155
195.167
195.178
195.181
195.182
195.190
195.206
195.212
195.214
195.216
195.234
195.238
195.242
195.244
195.245
195.254
196.1
196.3
196.4
196.16
196.17
196.18
196.19
196.27
196.28
196.52
196.53
196.54
196.55
196.56
196.57
196.58
196.59
196.61
196.193
196.196
196.197
196.198
196.199
196.216
196.220
196.240
196.242
196.244
196.245
196.247
197.147
197.231
198.0
198.1
198.2
198.3
198.4
198.5
198.6
198.7
198.8
198.9
198.10
198.11
198.12
198.13
198.14
198.15
198.16
198.17
198.20
198.21
198.22
198.23
198.24
198.25
198.26
198.27
198.28
198.29
198.30
198.32
198.35
198.36
198.37
198.38
198.39
198.40
198.41
198.42
198.43
198.44
198.45
198.46
198.47
198.48
198.49
198.50
198.51
198.52
198.54
198.55
198.56
198.57
198.58
198.59
198.60
198.61
198.62
198.63
198.64
198.66
198.67
198.68
198.69
198.70
198.71
198.72
198.73
198.74
198.75
198.76
198.77
198.78
198.80
198.81
198.82
198.84
198.85
198.86
198.88
198.89
198.90
198.91
198.92
198.93
198.94
198.96
198.97
198.98
198.99
198.100
198.101
198.102
198.104
198.105
198.106
198.108
198.112
198.113
198.114
198.116
198.117
198.118
198.120
198.128
198.132
198.133
198.134
198.135
198.136
198.137
198.138
198.140
198.141
198.143
198.144
198.145
198.146
198.147
198.148
198.149
198.150
198.151
198.152
198.153
198.154
198.155
198.156
198.160
198.161
198.162
198.163
198.167
198.168
198.169
198.170
198.172
198.174
198.175
198.176
198.177
198.178
198.179
198.180
198.181
198.182
198.183
198.184
198.185
198.186
198.187
198.188
198.190
198.191
198.192
198.196
198.198
198.199
198.200
198.201
198.202
198.203
198.204
198.205
198.206
198.207
198.208
198.209
198.210
198.211
198.212
198.213
198.214
198.216
198.217
198.218
198.220
198.224
198.228
198.229
198.230
198.231
198.232
198.233
198.234
198.235
198.236
198.240
198.241
198.242
198.244
198.245
198.246
198.247
198.248
198.249
198.250
198.251
198.252
198.253
198.254
198.255
199.0
199.1
199.2
199.3
199.4
199.5
199.6
199.7
199.8
199.9
199.10
199.11
199.12
199.14
199.15
199.16
199.17
199.18
199.19
199.20
199.21
199.26
199.27
199.28
199.30
199.31
199.32
199.33
199.34
199.35
199.36
199.37
199.38
199.39
199.41
199.42
199.43
199.44
199.45
199.46
199.47
199.48
199.49
199.50
199.52
199.53
199.54
199.56
199.58
199.59
199.60
199.61
199.62
199.63
199.64
199.65
199.66
199.67
199.68
199.69
199.70
199.71
199.72
199.73
199.74
199.75
199.76
199.77
199.78
199.79
199.80
199.81
199.82
199.83
199.84
199.85
199.86
199.87
199.88
199.89
199.90
199.91
199.92
199.94
199.95
199.96
199.97
199.98
199.100
199.101
199.102
199.103
199.104
199.106
199.107
199.108
199.112
199.114
199.115
199.116
199.117
199.118
199.119
199.120
199.121
199.122
199.123
199.124
199.125
199.127
199.128
199.160
199.162
199.163
199.164
199.165
199.166
199.167
199.168
199.169
199.170
199.172
199.173
199.174
199.175
199.176
199.180
199.181
199.182
199.183
199.184
199.185
199.186
199.187
199.188
199.189
199.190
199.191
199.192
199.193
199.194
199.195
199.196
199.197
199.198
199.199
199.200
199.201
199.202
199.203
199.204
199.205
199.206
199.208
199.212
199.217
199.218
199.220
199.222
199.223
199.224
199.228
199.229
199.230
199.231
199.232
199.233
199.234
199.236
199.240
199.241
199.242
199.244
199.245
199.246
199.247
199.248
199.249
199.250
199.251
199.252
199.253
199.254
199.255
200.0
200.7
200.9
200.10
200.12
200.15
200.16
200.30
200.35
200.41
200.49
200.58
200.62
200.71
200.123
200.189
200.200
201.148
201.174
202.0
202.2
202.3
202.5
202.7
202.9
202.12
202.43
202.57
202.65
202.72
202.74
202.76
202.88
202.91
202.94
202.136
202.139
202.144
202.161
202.162
202.165
202.166
202.173
203.0
203.4
203.22
203.24
203.28
203.31
203.33
203.35
203.56
203.62
203.82
203.85
203.89
203.98
203.130
203.144
203.159
203.187
203.205
203.222
203.223
204.0
204.2
204.3
204.4
204.5
204.6
204.8
204.9
204.10
204.11
204.12
204.13
204.14
204.15
204.16
204.17
204.19
204.20
204.24
204.26
204.27
204.28
204.29
204.30
204.32
204.34
204.35
204.36
204.42
204.44
204.45
204.46
204.48
204.49
204.51
204.52
204.53
204.54
204.55
204.56
204.58
204.59
204.60
204.62
204.63
204.64
204.68
204.69
204.70
204.72
204.74
204.75
204.76
204.77
204.78
204.79
204.80
204.84
204.86
204.87
204.88
204.89
204.90
204.92
204.93
204.94
204.95
204.96
204.97
204.98
204.99
204.100
204.102
204.103
204.104
204.105
204.106
204.107
204.108
204.110
204.111
204.113
204.114
204.115
204.116
204.118
204.119
204.120
204.121
204.122
204.124
204.125
204.126
204.127
204.128
204.130
204.131
204.132
204.134
204.135
204.136
204.137
204.138
204.139
204.140
204.141
204.142
204.144
204.145
204.146
204.147
204.148
204.152
204.153
204.154
204.155
204.156
204.157
204.158
204.160
204.168
204.172
204.174
204.175
204.176
204.178
204.179
204.180
204.181
204.182
204.183
204.184
204.186
204.187
204.188
204.190
204.191
204.192
204.193
204.194
204.195
204.196
204.197
204.198
204.200
204.208
204.209
204.210
204.212
204.213
204.214
204.215
204.216
204.224
204.225
204.227
204.228
204.230
204.231
204.232
204.233
204.234
204.235
204.236
204.237
204.238
204.239
204.240
204.245
204.246
204.247
204.248
204.249
204.250
204.252
205.0
205.64
205.72
205.74
205.75
205.76
205.80
205.96
205.128
205.136
205.138
205.139
205.140
205.142
205.143
205.144
205.145
205.146
205.147
205.148
205.149
205.150
205.151
205.152
205.156
205.157
205.158
205.159
205.160
205.161
205.162
205.163
205.164
205.165
205.166
205.167
205.168
205.169
205.170
205.172
205.173
205.174
205.175
205.176
205.177
205.178
205.180
205.182
205.183
205.184
205.185
205.186
205.188
205.189
205.190
205.191
205.196
205.197
205.198
205.199
205.201
205.202
205.203
205.204
205.205
205.207
205.208
205.209
205.210
205.211
205.212
205.214
205.215
205.216
205.217
205.218
205.219
205.220
205.221
205.222
205.223
205.224
205.228
205.229
205.230
205.232
205.233
205.234
205.235
205.236
205.237
205.238
205.239
205.240
205.241
205.242
205.244
205.245
205.246
205.247
205.248
205.249
205.251
205.252
205.254
206.0
206.2
206.3
206.4
206.8
206.13
206.14
206.16
206.24
206.25
206.26
206.28
206.29
206.30
206.31
206.32
206.33
206.34
206.36
206.40
206.41
206.42
206.44
206.46
206.47
206.48
206.49
206.50
206.51
206.52
206.53
206.54
206.55
206.56
206.57
206.58
206.60
206.61
206.62
206.64
206.65
206.66
206.67
206.68
206.70
206.71
206.72
206.73
206.74
206.76
206.78
206.79
206.80
206.81
206.82
206.83
206.84
206.86
206.88
206.92
206.93
206.94
206.95
206.96
206.98
206.99
206.100
206.101
206.102
206.104
206.105
206.106
206.107
206.108
206.109
206.110
206.112
206.113
206.114
206.117
206.118
206.120
206.122
206.123
206.124
206.125
206.126
206.127
206.128
206.130
206.131
206.132
206.133
206.134
206.136
206.138
206.139
206.140
206.142
206.143
206.144
206.148
206.149
206.150
206.152
206.153
206.154
206.156
206.158
206.159
206.160
206.161
206.162
206.163
206.164
206.165
206.166
206.167
206.168
206.173
206.174
206.175
206.176
206.180
206.181
206.182
206.183
206.184
206.187
206.188
206.189
206.190
206.191
206.192
206.193
206.194
206.195
206.196
206.197
206.198
206.199
206.200
206.201
206.202
206.204
206.208
206.209
206.210
206.211
206.212
206.214
206.215
206.216
206.217
206.218
206.219
206.220
206.221
206.222
206.223
206.224
206.225
206.226
206.228
206.229
206.230
206.231
206.232
206.234
206.235
206.236
206.240
206.244
206.246
206.247
206.248
206.249
206.250
206.252
206.253
206.254
207.0
207.2
207.3
207.4
207.7
207.8
207.12
207.13
207.14
207.15
207.16
207.17
207.18
207.20
207.21
207.22
207.24
207.25
207.26
207.28
207.32
207.34
207.36
207.37
207.38
207.39
207.40
207.41
207.42
207.43
207.44
207.45
207.46
207.47
207.48
207.52
207.54
207.55
207.56
207.60
207.62
207.64
207.66
207.67
207.68
207.69
207.70
207.72
207.80
207.82
207.83
207.84
207.88
207.89
207.90
207.91
207.92
207.96
207.97
207.98
207.100
207.103
207.104
207.106
207.108
207.112
207.113
207.114
207.115
207.116
207.117
207.118
207.120
207.128
207.132
207.135
207.136
207.137
207.138
207.139
207.140
207.144
207.148
207.149
207.150
207.151
207.152
207.154
207.155
207.156
207.158
207.159
207.160
207.162
207.163
207.165
207.166
207.167
207.168
207.169
207.170
207.171
207.172
207.174
207.175
207.176
207.177
207.178
207.179
207.180
207.181
207.182
207.183
207.184
207.188
207.189
207.190
207.191
207.192
207.195
207.196
207.198
207.199
207.200
207.201
207.202
207.204
207.205
207.206
207.207
207.208
207.209
207.210
207.211
207.212
207.217
207.218
207.220
207.224
207.226
207.227
207.228
207.229
207.230
207.231
207.232
207.233
207.234
207.237
207.238
207.240
207.241
207.242
207.244
207.245
207.246
207.247
207.250
207.251
207.252
207.254
207.255
208.0
208.1
208.2
208.3
208.4
208.5
208.6
208.8
208.9
208.10
208.12
208.13
208.14
208.16
208.17
208.18
208.20
208.24
208.25
208.26
208.27
208.28
208.29
208.30
208.31
208.32
208.33
208.34
208.35
208.36
208.38
208.39
208.40
208.42
208.43
208.44
208.48
208.49
208.50
208.51
208.52
208.53
208.54
208.55
208.56
208.64
208.65
208.66
208.67
208.68
208.69
208.70
208.71
208.72
208.73
208.74
208.75
208.76
208.77
208.78
208.79
208.80
208.81
208.82
208.83
208.84
208.85
208.86
208.87
208.88
208.89
208.90
208.91
208.92
208.93
208.94
208.95
208.96
208.97
208.98
208.99
208.100
208.101
208.102
208.103
208.104
208.108
208.110
208.111
208.112
208.113
208.114
208.115
208.116
208.117
208.118
208.119
208.120
208.122
208.123
208.124
208.125
208.126
208.128
208.130
208.131
208.132
208.136
208.137
208.138
208.139
208.140
208.144
208.146
208.147
208.148
208.152
208.156
208.157
208.158
208.160
208.162
208.163
208.164
208.166
208.167
208.168
208.169
208.170
208.171
208.172
208.176
208.178
208.179
208.180
208.182
208.184
208.185
208.186
208.188
208.192
208.196
208.198
208.199
208.200
208.208
208.212
208.214
208.215
208.216
208.217
208.218
208.220
208.221
208.222
208.224
208.232
208.234
208.235
208.236
208.240
208.248
208.252
208.253
208.254
209.0
209.4
209.6
209.8
209.9
209.10
209.12
209.14
209.15
209.16
209.17
209.18
209.19
209.20
209.21
209.22
209.24
209.25
209.26
209.27
209.28
209.30
209.32
209.34
209.35
209.36
209.40
209.41
209.42
209.43
209.44
209.45
209.46
209.47
209.48
209.50
209.51
209.54
209.55
209.56
209.58
209.59
209.60
209.61
209.62
209.63
209.64
209.66
209.67
209.68
209.69
209.70
209.71
209.72
209.73
209.74
209.75
209.76
209.80
209.82
209.83
209.84
209.85
209.86
209.87
209.88
209.90
209.91
209.92
209.94
209.95
209.96
209.97
209.98
209.99
209.100
209.102
209.103
209.104
209.105
209.106
209.107
209.108
209.112
209.113
209.114
209.115
209.116
209.120
209.121
209.122
209.124
209.125
209.126
209.127
209.128
209.129
209.130
209.131
209.132
209.133
209.134
209.135
209.136
209.138
209.139
209.140
209.141
209.142
209.143
209.144
209.145
209.146
209.147
209.148
209.149
209.150
209.151
209.152
209.153
209.154
209.156
209.158
209.159
209.160
209.161
209.162
209.163
209.164
209.165
209.166
209.167
209.168
209.169
209.170
209.172
209.173
209.174
209.176
209.177
209.178
209.180
209.182
209.183
209.184
209.192
209.193
209.194
209.195
209.196
209.197
209.198
209.199
209.200
209.202
209.203
209.204
209.205
209.206
209.207
209.208
209.209
209.210
209.212
209.213
209.214
209.216
209.217
209.218
209.220
209.221
209.222
209.223
209.224
209.225
209.227
209.228
209.232
209.234
209.235
209.236
209.237
209.238
209.239
209.240
209.241
209.242
209.244
209.248
209.250
209.251
209.252
210.5
210.57
210.176
210.184
210.193
211.43
211.125
211.152
212.1
212.7
212.8
212.14
212.18
212.21
212.38
212.39
212.50
212.54
212.60
212.63
212.69
212.87
212.90
212.101
212.103
212.107
212.115
212.116
212.119
212.124
212.162
212.165
212.197
213.39
213.59
213.108
213.139
213.142
213.155
213.159
213.166
213.174
213.178
213.179
213.190
213.200
213.209
213.215
213.219
213.227
213.232
213.247
213.248
213.254
214.0
216.0
216.4
216.5
216.6
216.7
216.8
216.9
216.10
216.11
216.12
216.13
216.14
216.15
216.16
216.17
216.18
216.19
216.20
216.21
216.22
216.23
216.24
216.25
216.26
216.27
216.28
216.30
216.31
216.32
216.34
216.35
216.36
216.37
216.38
216.39
216.40
216.41
216.42
216.44
216.45
216.46
216.47
216.48
216.49
216.50
216.51
216.52
216.53
216.54
216.55
216.56
216.57
216.58
216.59
216.60
216.64
216.65
216.66
216.67
216.68
216.70
216.71
216.72
216.73
216.74
216.75
216.76
216.80
216.81
216.82
216.83
216.84
216.86
216.87
216.88
216.89
216.90
216.91
216.92
216.94
216.95
216.96
216.98
216.99
216.100
216.104
216.105
216.106
216.107
216.108
216.109
216.110
216.111
216.112
216.113
216.114
216.115
216.116
216.117
216.118
216.119
216.120
216.121
216.122
216.124
216.126
216.127
216.128
216.129
216.130
216.131
216.132
216.136
216.137
216.138
216.139
216.140
216.144
216.145
216.146
216.147
216.148
216.150
216.151
216.152
216.153
216.154
216.155
216.156
216.157
216.158
216.159
216.160
216.162
216.163
216.164
216.165
216.166
216.167
216.168
216.169
216.170
216.171
216.172
216.173
216.174
216.175
216.176
216.177
216.178
216.180
216.181
216.182
216.183
216.184
216.185
216.186
216.187
216.188
216.189
216.190
216.192
216.194
216.195
216.196
216.197
216.198
216.199
216.200
216.201
216.202
216.204
216.210
216.211
216.212
216.213
216.214
216.216
216.218
216.219
216.220
216.221
216.222
216.223
216.224
216.226
216.227
216.228
216.229
216.230
216.231
216.233
216.234
216.235
216.236
216.237
216.238
216.239
216.240
216.241
216.242
216.244
216.245
216.246
216.247
216.248
216.249
216.250
216.251
216.252
216.253
216.254
216.255
217.8
217.18
217.19
217.21
217.26
217.28
217.30
217.65
217.77
217.85
217.112
217.123
217.138
217.140
217.144
217.147
217.156
217.197
218.145
220.232
220.242
220.243
223.27